-41.00 -69.00 1.00
-37.00 -69.00 1.00
-33.00 -69.00 1.00
-29.00 -69.00 1.00
-25.00 -69.00 1.00
-21.00 -69.00 1.00
-17.00 -69.00 1.00
-13.00 -69.00 1.00
-9.00 -69.00 1.00
-5.00 -69.00 1.00
-1.00 -69.00 1.00
3.00 -69.00 1.00
7.00 -69.00 1.00
11.00 -69.00 1.00
15.00 -69.00 1.00
19.00 -69.00 1.00
23.00 -69.00 1.00
27.00 -69.00 1.00
31.00 -69.00 1.00
-41.00 -65.00 1.00
-37.00 -65.00 1.00
-33.00 -65.00 1.00
-29.00 -65.00 1.00
-25.00 -65.00 1.00
-21.00 -65.00 1.00
-17.00 -65.00 1.00
-13.00 -65.00 1.00
-9.00 -65.00 1.00
-5.00 -65.00 1.00
-1.00 -65.00 1.00
3.00 -65.00 1.00
7.00 -65.00 1.00
11.00 -65.00 1.00
15.00 -65.00 1.00
19.00 -65.00 1.00
23.00 -65.00 1.00
27.00 -65.00 1.00
31.00 -65.00 1.00
-41.00 -61.00 1.00
-37.00 -61.00 1.00
-33.00 -61.00 1.00
-29.00 -61.00 1.00
-25.00 -61.00 1.00
-21.00 -61.00 1.00
-17.00 -61.00 1.00
-13.00 -61.00 1.00
-9.00 -61.00 1.00
-5.00 -61.00 1.00
-1.00 -61.00 1.00
3.00 -61.00 1.00
7.00 -61.00 1.00
11.00 -61.00 1.00
15.00 -61.00 1.00
19.00 -61.00 1.00
23.00 -61.00 1.00
27.00 -61.00 1.00
31.00 -61.00 1.00
-41.00 -57.00 1.00
-37.00 -57.00 1.00
-33.00 -57.00 1.00
-29.00 -57.00 1.00
-25.00 -57.00 1.00
-21.00 -57.00 1.00
-17.00 -57.00 1.00
-13.00 -57.00 1.00
-9.00 -57.00 1.00
-5.00 -57.00 1.00
-1.00 -57.00 1.00
3.00 -57.00 1.00
7.00 -57.00 1.00
11.00 -57.00 1.00
15.00 -57.00 1.00
19.00 -57.00 1.00
23.00 -57.00 1.00
27.00 -57.00 1.00
31.00 -57.00 1.00
-41.00 -53.00 1.00
-37.00 -53.00 1.00
-33.00 -53.00 1.00
-29.00 -53.00 1.00
-25.00 -53.00 1.00
-21.00 -53.00 1.00
-17.00 -53.00 1.00
-13.00 -53.00 1.00
-9.00 -53.00 1.00
-5.00 -53.00 1.00
-1.00 -53.00 1.00
3.00 -53.00 1.00
7.00 -53.00 1.00
11.00 -53.00 1.00
15.00 -53.00 1.00
19.00 -53.00 1.00
23.00 -53.00 1.00
27.00 -53.00 1.00
31.00 -53.00 1.00
-41.00 -49.00 1.00
-37.00 -49.00 1.00
-33.00 -49.00 1.00
-29.00 -49.00 1.00
-25.00 -49.00 1.00
-21.00 -49.00 1.00
-17.00 -49.00 1.00
-13.00 -49.00 1.00
-9.00 -49.00 1.00
-5.00 -49.00 1.00
-1.00 -49.00 1.00
3.00 -49.00 1.00
7.00 -49.00 1.00
11.00 -49.00 1.00
15.00 -49.00 1.00
19.00 -49.00 1.00
23.00 -49.00 1.00
27.00 -49.00 1.00
31.00 -49.00 1.00
-41.00 -45.00 1.00
-37.00 -45.00 1.00
-33.00 -45.00 1.00
-29.00 -45.00 1.00
-25.00 -45.00 1.00
-21.00 -45.00 1.00
-17.00 -45.00 1.00
-13.00 -45.00 1.00
-9.00 -45.00 1.00
-5.00 -45.00 1.00
-1.00 -45.00 1.00
3.00 -45.00 1.00
7.00 -45.00 1.00
11.00 -45.00 1.00
15.00 -45.00 1.00
19.00 -45.00 1.00
23.00 -45.00 1.00
27.00 -45.00 1.00
31.00 -45.00 1.00
-41.00 -41.00 1.00
-37.00 -41.00 1.00
-33.00 -41.00 1.00
-29.00 -41.00 1.00
-25.00 -41.00 1.00
-21.00 -41.00 1.00
-17.00 -41.00 1.00
-13.00 -41.00 1.00
-9.00 -41.00 1.00
-5.00 -41.00 1.00
-1.00 -41.00 1.00
3.00 -41.00 1.00
7.00 -41.00 1.00
11.00 -41.00 1.00
15.00 -41.00 1.00
19.00 -41.00 1.00
23.00 -41.00 1.00
27.00 -41.00 1.00
31.00 -41.00 1.00
-41.00 -37.00 1.00
-37.00 -37.00 1.00
-33.00 -37.00 1.00
-29.00 -37.00 1.00
-25.00 -37.00 1.00
-21.00 -37.00 1.00
-17.00 -37.00 1.00
-13.00 -37.00 1.00
-9.00 -37.00 1.00
-5.00 -37.00 1.00
-1.00 -37.00 1.00
3.00 -37.00 1.00
7.00 -37.00 1.00
11.00 -37.00 1.00
15.00 -37.00 1.00
19.00 -37.00 1.00
23.00 -37.00 1.00
27.00 -37.00 1.00
31.00 -37.00 1.00
-41.00 -33.00 1.00
-37.00 -33.00 1.00
-33.00 -33.00 1.00
-29.00 -33.00 1.00
-25.00 -33.00 1.00
-21.00 -33.00 1.00
-17.00 -33.00 1.00
-13.00 -33.00 1.00
-9.00 -33.00 1.00
-5.00 -33.00 1.00
-1.00 -33.00 1.00
3.00 -33.00 1.00
7.00 -33.00 1.00
11.00 -33.00 1.00
15.00 -33.00 1.00
19.00 -33.00 1.00
23.00 -33.00 1.00
27.00 -33.00 1.00
31.00 -33.00 1.00
-41.00 -29.00 1.00
-37.00 -29.00 1.00
-33.00 -29.00 1.00
-29.00 -29.00 1.00
-25.00 -29.00 1.00
-21.00 -29.00 1.00
-17.00 -29.00 1.00
-13.00 -29.00 1.00
-9.00 -29.00 1.00
-5.00 -29.00 1.00
-1.00 -29.00 1.00
3.00 -29.00 1.00
7.00 -29.00 1.00
11.00 -29.00 1.00
15.00 -29.00 1.00
19.00 -29.00 1.00
23.00 -29.00 1.00
27.00 -29.00 1.00
31.00 -29.00 1.00
-41.00 -25.00 1.00
-37.00 -25.00 1.00
-33.00 -25.00 1.00
-29.00 -25.00 1.00
-25.00 -25.00 1.00
-21.00 -25.00 1.00
-17.00 -25.00 1.00
-13.00 -25.00 1.00
-9.00 -25.00 1.00
-5.00 -25.00 1.00
-1.00 -25.00 1.00
3.00 -25.00 1.00
7.00 -25.00 1.00
11.00 -25.00 1.00
15.00 -25.00 1.00
19.00 -25.00 1.00
23.00 -25.00 1.00
27.00 -25.00 1.00
31.00 -25.00 1.00
-41.00 -21.00 1.00
-37.00 -21.00 1.00
-33.00 -21.00 1.00
-29.00 -21.00 1.00
-25.00 -21.00 1.00
-21.00 -21.00 1.00
-17.00 -21.00 1.00
-13.00 -21.00 1.00
-9.00 -21.00 1.00
-5.00 -21.00 1.00
-1.00 -21.00 1.00
3.00 -21.00 1.00
7.00 -21.00 1.00
11.00 -21.00 1.00
15.00 -21.00 1.00
19.00 -21.00 1.00
23.00 -21.00 1.00
27.00 -21.00 1.00
31.00 -21.00 1.00
-41.00 -17.00 1.00
-37.00 -17.00 1.00
-33.00 -17.00 1.00
-29.00 -17.00 1.00
-25.00 -17.00 1.00
-21.00 -17.00 1.00
-17.00 -17.00 1.00
-13.00 -17.00 1.00
-9.00 -17.00 1.00
-5.00 -17.00 1.00
-1.00 -17.00 1.00
3.00 -17.00 1.00
7.00 -17.00 1.00
11.00 -17.00 1.00
15.00 -17.00 1.00
19.00 -17.00 1.00
23.00 -17.00 1.00
27.00 -17.00 1.00
31.00 -17.00 1.00
-41.00 -13.00 1.00
-37.00 -13.00 1.00
-33.00 -13.00 1.00
-29.00 -13.00 1.00
-25.00 -13.00 1.00
-21.00 -13.00 1.00
-17.00 -13.00 1.00
-13.00 -13.00 1.00
-9.00 -13.00 1.00
-5.00 -13.00 1.00
-1.00 -13.00 1.00
3.00 -13.00 1.00
7.00 -13.00 1.00
11.00 -13.00 1.00
15.00 -13.00 1.00
19.00 -13.00 1.00
23.00 -13.00 1.00
27.00 -13.00 1.00
31.00 -13.00 1.00
-41.00 -9.00 1.00
-37.00 -9.00 1.00
-33.00 -9.00 1.00
-29.00 -9.00 1.00
-25.00 -9.00 1.00
-21.00 -9.00 1.00
-17.00 -9.00 1.00
-13.00 -9.00 1.00
-9.00 -9.00 1.00
-5.00 -9.00 1.00
-1.00 -9.00 1.00
3.00 -9.00 1.00
7.00 -9.00 1.00
11.00 -9.00 1.00
15.00 -9.00 1.00
19.00 -9.00 1.00
23.00 -9.00 1.00
27.00 -9.00 1.00
31.00 -9.00 1.00
-41.00 -5.00 1.00
-37.00 -5.00 1.00
-33.00 -5.00 1.00
-29.00 -5.00 1.00
-25.00 -5.00 1.00
-21.00 -5.00 1.00
-17.00 -5.00 1.00
-13.00 -5.00 1.00
-9.00 -5.00 1.00
-5.00 -5.00 1.00
-1.00 -5.00 1.00
3.00 -5.00 1.00
7.00 -5.00 1.00
11.00 -5.00 1.00
15.00 -5.00 1.00
19.00 -5.00 1.00
23.00 -5.00 1.00
27.00 -5.00 1.00
31.00 -5.00 1.00
-41.00 -1.00 1.00
-37.00 -1.00 1.00
-33.00 -1.00 1.00
-29.00 -1.00 1.00
-25.00 -1.00 1.00
-21.00 -1.00 1.00
-17.00 -1.00 1.00
-13.00 -1.00 1.00
-9.00 -1.00 1.00
-5.00 -1.00 1.00
-1.00 -1.00 1.00
3.00 -1.00 1.00
7.00 -1.00 1.00
11.00 -1.00 1.00
15.00 -1.00 1.00
19.00 -1.00 1.00
23.00 -1.00 1.00
27.00 -1.00 1.00
31.00 -1.00 1.00
-41.00 3.00 1.00
-37.00 3.00 1.00
-33.00 3.00 1.00
-29.00 3.00 1.00
-25.00 3.00 1.00
-21.00 3.00 1.00
-17.00 3.00 1.00
-13.00 3.00 1.00
-9.00 3.00 1.00
-5.00 3.00 1.00
-1.00 3.00 1.00
3.00 3.00 1.00
7.00 3.00 1.00
11.00 3.00 1.00
15.00 3.00 1.00
19.00 3.00 1.00
23.00 3.00 1.00
27.00 3.00 1.00
31.00 3.00 1.00
-41.00 7.00 1.00
-37.00 7.00 1.00
-33.00 7.00 1.00
-29.00 7.00 1.00
-25.00 7.00 1.00
-21.00 7.00 1.00
-17.00 7.00 1.00
-13.00 7.00 1.00
-9.00 7.00 1.00
-5.00 7.00 1.00
-1.00 7.00 1.00
3.00 7.00 1.00
7.00 7.00 1.00
11.00 7.00 1.00
15.00 7.00 1.00
19.00 7.00 1.00
23.00 7.00 1.00
27.00 7.00 1.00
31.00 7.00 1.00
-41.00 11.00 1.00
-37.00 11.00 1.00
-33.00 11.00 1.00
-29.00 11.00 1.00
-25.00 11.00 1.00
-21.00 11.00 1.00
-17.00 11.00 1.00
-13.00 11.00 1.00
-9.00 11.00 1.00
-5.00 11.00 1.00
-1.00 11.00 1.00
3.00 11.00 1.00
7.00 11.00 1.00
11.00 11.00 1.00
15.00 11.00 1.00
19.00 11.00 1.00
23.00 11.00 1.00
27.00 11.00 1.00
31.00 11.00 1.00
-41.00 15.00 1.00
-37.00 15.00 1.00
-33.00 15.00 1.00
-29.00 15.00 1.00
-25.00 15.00 1.00
-21.00 15.00 1.00
-17.00 15.00 1.00
-13.00 15.00 1.00
-9.00 15.00 1.00
-5.00 15.00 1.00
-1.00 15.00 1.00
3.00 15.00 1.00
7.00 15.00 1.00
11.00 15.00 1.00
15.00 15.00 1.00
19.00 15.00 1.00
23.00 15.00 1.00
27.00 15.00 1.00
31.00 15.00 1.00
-41.00 19.00 1.00
-37.00 19.00 1.00
-33.00 19.00 1.00
-29.00 19.00 1.00
-25.00 19.00 1.00
-21.00 19.00 1.00
-17.00 19.00 1.00
-13.00 19.00 1.00
-9.00 19.00 1.00
-5.00 19.00 1.00
-1.00 19.00 1.00
3.00 19.00 1.00
7.00 19.00 1.00
11.00 19.00 1.00
15.00 19.00 1.00
19.00 19.00 1.00
23.00 19.00 1.00
27.00 19.00 1.00
31.00 19.00 1.00
-41.00 23.00 1.00
-37.00 23.00 1.00
-33.00 23.00 1.00
-29.00 23.00 1.00
-25.00 23.00 1.00
-21.00 23.00 1.00
-17.00 23.00 1.00
-13.00 23.00 1.00
-9.00 23.00 1.00
-5.00 23.00 1.00
-1.00 23.00 1.00
3.00 23.00 1.00
7.00 23.00 1.00
11.00 23.00 1.00
15.00 23.00 1.00
19.00 23.00 1.00
23.00 23.00 1.00
27.00 23.00 1.00
31.00 23.00 1.00
