-125.8718 40.4705
-125.9918 40.4275
-122.7555 38.7778
-124.8060 40.4977
-124.1292 40.6082
-122.7775 38.8028
-122.7860 38.5883
-125.2252 40.4210
-125.7855 40.3773
-125.6760 40.3715
-124.2927 40.2847
-124.2952 40.2793
-124.2883 40.2757
-124.2818 40.2857
-126.2542 40.3686
-124.5917 40.3673
-125.5585 40.3975
-126.7178 42.0235
-126.8678 41.8636
-126.3717 41.8723
-126.0416 42.0771
-125.0892 40.3912
-122.7467 38.7772
-127.0797 41.8655
-126.8651 41.8368
-123.3525 39.5378
-122.8002 38.8270
-123.5390 39.6692
-123.5328 39.6675
-122.8218 38.8140
-124.9163 40.9308
-125.4905 41.0047
-123.9018 40.8283
-123.2742 39.3963
-125.1673 40.3823
-126.8156 41.7758
-124.7550 40.4470
-125.6130 40.4253
-125.1968 40.3903
-122.7343 38.7708
-125.2697 40.3798
-125.2542 40.3823
-127.3617 41.1418
-127.2884 41.1486
-127.0426 41.4350
-127.1671 41.3681
-127.2431 41.2472
-127.2876 41.3538
-127.3338 41.3229
-127.3136 41.3346
-127.2810 41.2257
-127.3357 41.2848
-127.2438 41.1153
-127.1487 41.2374
-124.5260 40.2828
-123.3468 39.0542
-124.5193 40.4707
-125.3217 40.4123
-125.4448 40.3893
-125.8990 40.3502
-122.7575 38.7912
-123.1167 39.3358
-122.7988 38.8140
-125.1083 40.4025
-125.2472 40.4150
-125.4812 40.3897
-126.9250 41.9892
-125.8220 40.3717
-122.7460 38.7968
