-65.00 -33.00 0.00
-61.00 -33.00 0.00
-57.00 -33.00 0.00
-53.00 -33.00 0.00
-49.00 -33.00 0.12
-45.00 -33.00 0.12
-41.00 -33.00 0.12
-37.00 -33.00 0.00
-33.00 -33.00 0.00
-29.00 -33.00 0.00
-25.00 -33.00 0.00
-21.00 -33.00 0.00
-17.00 -33.00 0.00
-13.00 -33.00 0.00
-9.00 -33.00 0.00
-5.00 -33.00 0.00
-1.00 -33.00 0.00
3.00 -33.00 0.00
7.00 -33.00 0.00
11.00 -33.00 0.00
15.00 -33.00 0.00
19.00 -33.00 0.00
23.00 -33.00 0.00
27.00 -33.00 0.00
31.00 -33.00 0.00
35.00 -33.00 0.00
39.00 -33.00 0.00
43.00 -33.00 0.00
47.00 -33.00 0.00
51.00 -33.00 0.00
55.00 -33.00 0.00
59.00 -33.00 0.00
63.00 -33.00 0.00
67.00 -33.00 0.00
-65.00 -29.00 0.00
-61.00 -29.00 0.00
-57.00 -29.00 0.12
-53.00 -29.00 0.16
-49.00 -29.00 0.19
-45.00 -29.00 0.21
-41.00 -29.00 0.19
-37.00 -29.00 0.16
-33.00 -29.00 0.12
-29.00 -29.00 0.00
-25.00 -29.00 0.00
-21.00 -29.00 0.00
-17.00 -29.00 0.00
-13.00 -29.00 0.00
-9.00 -29.00 0.00
-5.00 -29.00 0.00
-1.00 -29.00 0.00
3.00 -29.00 0.00
7.00 -29.00 0.00
11.00 -29.00 0.00
15.00 -29.00 0.00
19.00 -29.00 0.00
23.00 -29.00 0.00
27.00 -29.00 0.00
31.00 -29.00 0.00
35.00 -29.00 0.00
39.00 -29.00 0.00
43.00 -29.00 0.00
47.00 -29.00 0.00
51.00 -29.00 0.00
55.00 -29.00 0.00
59.00 -29.00 0.00
63.00 -29.00 0.00
67.00 -29.00 0.00
-65.00 -25.00 0.00
-61.00 -25.00 0.12
-57.00 -25.00 0.18
-53.00 -25.00 0.24
-49.00 -25.00 0.29
-45.00 -25.00 0.30
-41.00 -25.00 0.29
-37.00 -25.00 0.24
-33.00 -25.00 0.18
-29.00 -25.00 0.12
-25.00 -25.00 0.00
-21.00 -25.00 0.00
-17.00 -25.00 0.00
-13.00 -25.00 0.00
-9.00 -25.00 0.00
-5.00 -25.00 0.00
-1.00 -25.00 0.00
3.00 -25.00 0.00
7.00 -25.00 0.00
11.00 -25.00 0.00
15.00 -25.00 0.00
19.00 -25.00 0.00
23.00 -25.00 0.00
27.00 -25.00 0.00
31.00 -25.00 0.25
35.00 -25.00 0.31
39.00 -25.00 0.34
43.00 -25.00 0.32
47.00 -25.00 0.25
51.00 -25.00 0.00
55.00 -25.00 0.00
59.00 -25.00 0.00
63.00 -25.00 0.00
67.00 -25.00 0.00
-65.00 -21.00 0.00
-61.00 -21.00 0.16
-57.00 -21.00 0.24
-53.00 -21.00 0.32
-49.00 -21.00 0.38
-45.00 -21.00 0.40
-41.00 -21.00 0.38
-37.00 -21.00 0.32
-33.00 -21.00 0.24
-29.00 -21.00 0.18
-25.00 -21.00 0.12
-21.00 -21.00 0.00
-17.00 -21.00 0.00
-13.00 -21.00 0.00
-9.00 -21.00 0.00
-5.00 -21.00 0.20
-1.00 -21.00 0.27
3.00 -21.00 0.33
7.00 -21.00 0.35
11.00 -21.00 0.36
15.00 -21.00 0.36
19.00 -21.00 0.38
23.00 -21.00 0.41
27.00 -21.00 0.48
31.00 -21.00 0.59
35.00 -21.00 0.72
39.00 -21.00 0.80
43.00 -21.00 0.75
47.00 -21.00 0.58
51.00 -21.00 0.36
55.00 -21.00 0.00
59.00 -21.00 0.00
63.00 -21.00 0.00
67.00 -21.00 0.00
-65.00 -17.00 0.12
-61.00 -17.00 0.19
-57.00 -17.00 0.29
-53.00 -17.00 0.38
-49.00 -17.00 0.45
-45.00 -17.00 0.47
-41.00 -17.00 0.45
-37.00 -17.00 0.38
-33.00 -17.00 0.32
-29.00 -17.00 0.24
-25.00 -17.00 0.18
-21.00 -17.00 0.12
-17.00 -17.00 0.00
-13.00 -17.00 0.00
-9.00 -17.00 0.34
-5.00 -17.00 0.53
-1.00 -17.00 0.72
3.00 -17.00 0.85
7.00 -17.00 0.90
11.00 -17.00 0.89
15.00 -17.00 0.87
19.00 -17.00 0.87
23.00 -17.00 0.90
27.00 -17.00 0.98
31.00 -17.00 1.00
35.00 -17.00 1.00
39.00 -17.00 1.00
43.00 -17.00 1.00
47.00 -17.00 1.00
51.00 -17.00 0.67
55.00 -17.00 0.34
59.00 -17.00 0.00
63.00 -17.00 0.00
67.00 -17.00 0.00
-65.00 -13.00 0.12
-61.00 -13.00 0.21
-57.00 -13.00 0.30
-53.00 -13.00 0.40
-49.00 -13.00 0.47
-45.00 -13.00 0.50
-41.00 -13.00 0.47
-37.00 -13.00 0.45
-33.00 -13.00 0.38
-29.00 -13.00 0.32
-25.00 -13.00 0.24
-21.00 -13.00 0.16
-17.00 -13.00 0.19
-13.00 -13.00 0.40
-9.00 -13.00 0.73
-5.00 -13.00 1.00
-1.00 -13.00 1.00
3.00 -13.00 1.00
7.00 -13.00 1.00
11.00 -13.00 1.00
15.00 -13.00 1.00
19.00 -13.00 1.00
23.00 -13.00 1.00
27.00 -13.00 1.00
31.00 -13.00 1.00
35.00 -13.00 1.00
39.00 -13.00 1.00
43.00 -13.00 1.00
47.00 -13.00 1.00
51.00 -13.00 0.98
55.00 -13.00 0.49
59.00 -13.00 0.00
63.00 -13.00 0.00
67.00 -13.00 0.00
-65.00 -9.00 0.12
-61.00 -9.00 0.21
-57.00 -9.00 0.30
-53.00 -9.00 0.40
-49.00 -9.00 0.47
-45.00 -9.00 0.50
-41.00 -9.00 0.50
-37.00 -9.00 0.47
-33.00 -9.00 0.45
-29.00 -9.00 0.38
-25.00 -9.00 0.29
-21.00 -9.00 0.24
-17.00 -9.00 0.34
-13.00 -9.00 0.70
-9.00 -9.00 1.00
-5.00 -9.00 1.00
-1.00 -9.00 1.00
3.00 -9.00 1.00
7.00 -9.00 1.00
11.00 -9.00 1.00
15.00 -9.00 1.00
19.00 -9.00 1.00
23.00 -9.00 1.00
27.00 -9.00 1.00
31.00 -9.00 1.00
35.00 -9.00 1.00
39.00 -9.00 1.00
43.00 -9.00 1.00
47.00 -9.00 1.00
51.00 -9.00 1.00
55.00 -9.00 0.56
59.00 -9.00 0.23
63.00 -9.00 0.00
67.00 -9.00 0.00
-65.00 -5.00 0.12
-61.00 -5.00 0.19
-57.00 -5.00 0.29
-53.00 -5.00 0.38
-49.00 -5.00 0.45
-45.00 -5.00 0.47
-41.00 -5.00 0.50
-37.00 -5.00 0.50
-33.00 -5.00 0.47
-29.00 -5.00 0.40
-25.00 -5.00 0.38
-21.00 -5.00 0.32
-17.00 -5.00 0.50
-13.00 -5.00 1.00
-9.00 -5.00 1.00
-5.00 -5.00 1.00
-1.00 -5.00 1.00
3.00 -5.00 1.00
7.00 -5.00 1.00
11.00 -5.00 1.00
15.00 -5.00 1.00
19.00 -5.00 1.00
23.00 -5.00 1.00
27.00 -5.00 1.00
31.00 -5.00 1.00
35.00 -5.00 1.00
39.00 -5.00 1.00
43.00 -5.00 1.00
47.00 -5.00 1.00
51.00 -5.00 1.00
55.00 -5.00 0.52
59.00 -5.00 0.21
63.00 -5.00 0.00
67.00 -5.00 0.00
-65.00 -1.00 0.00
-61.00 -1.00 0.16
-57.00 -1.00 0.24
-53.00 -1.00 0.32
-49.00 -1.00 0.38
-45.00 -1.00 0.45
-41.00 -1.00 0.47
-37.00 -1.00 0.50
-33.00 -1.00 0.47
-29.00 -1.00 0.47
-25.00 -1.00 0.45
-21.00 -1.00 0.38
-17.00 -1.00 0.62
-13.00 -1.00 1.00
-9.00 -1.00 1.00
-5.00 -1.00 1.00
-1.00 -1.00 1.00
3.00 -1.00 1.00
7.00 -1.00 1.00
11.00 -1.00 1.00
15.00 -1.00 1.00
19.00 -1.00 1.00
23.00 -1.00 1.00
27.00 -1.00 1.00
31.00 -1.00 1.00
35.00 -1.00 1.00
39.00 -1.00 1.00
43.00 -1.00 1.00
47.00 -1.00 1.00
51.00 -1.00 0.78
55.00 -1.00 0.40
59.00 -1.00 0.00
63.00 -1.00 0.00
67.00 -1.00 0.00
-65.00 3.00 0.00
-61.00 3.00 0.12
-57.00 3.00 0.18
-53.00 3.00 0.24
-49.00 3.00 0.32
-45.00 3.00 0.38
-41.00 3.00 0.45
-37.00 3.00 0.47
-33.00 3.00 0.50
-29.00 3.00 0.50
-25.00 3.00 0.47
-21.00 3.00 0.45
-17.00 3.00 0.67
-13.00 3.00 1.00
-9.00 3.00 1.00
-5.00 3.00 1.00
-1.00 3.00 1.00
3.00 3.00 1.00
7.00 3.00 1.00
11.00 3.00 1.00
15.00 3.00 1.00
19.00 3.00 1.00
23.00 3.00 1.00
27.00 3.00 1.00
31.00 3.00 1.00
35.00 3.00 1.00
39.00 3.00 1.00
43.00 3.00 1.00
47.00 3.00 0.82
51.00 3.00 0.54
55.00 3.00 0.29
59.00 3.00 0.00
63.00 3.00 0.00
67.00 3.00 0.00
-65.00 7.00 0.00
-61.00 7.00 0.00
-57.00 7.00 0.12
-53.00 7.00 0.18
-49.00 7.00 0.24
-45.00 7.00 0.32
-41.00 7.00 0.38
-37.00 7.00 0.45
-33.00 7.00 0.47
-29.00 7.00 0.50
-25.00 7.00 0.50
-21.00 7.00 0.47
-17.00 7.00 0.64
-13.00 7.00 1.00
-9.00 7.00 1.00
-5.00 7.00 1.00
-1.00 7.00 1.00
3.00 7.00 1.00
7.00 7.00 1.00
11.00 7.00 1.00
15.00 7.00 1.00
19.00 7.00 1.00
23.00 7.00 1.00
27.00 7.00 1.00
31.00 7.00 0.92
35.00 7.00 0.82
39.00 7.00 0.76
43.00 7.00 0.68
47.00 7.00 0.55
51.00 7.00 0.37
55.00 7.00 0.20
59.00 7.00 0.00
63.00 7.00 0.00
67.00 7.00 0.00
-65.00 11.00 0.00
-61.00 11.00 0.00
-57.00 11.00 0.00
-53.00 11.00 0.12
-49.00 11.00 0.18
-45.00 11.00 0.24
-41.00 11.00 0.32
-37.00 11.00 0.38
-33.00 11.00 0.45
-29.00 11.00 0.47
-25.00 11.00 0.47
-21.00 11.00 0.50
-17.00 11.00 0.54
-13.00 11.00 0.81
-9.00 11.00 1.00
-5.00 11.00 1.00
-1.00 11.00 1.00
3.00 11.00 1.00
7.00 11.00 1.00
11.00 11.00 1.00
15.00 11.00 0.88
19.00 11.00 0.75
23.00 11.00 0.66
27.00 11.00 0.57
31.00 11.00 0.51
35.00 11.00 0.48
39.00 11.00 0.48
43.00 11.00 0.45
47.00 11.00 0.38
51.00 11.00 0.26
55.00 11.00 0.00
59.00 11.00 0.00
63.00 11.00 0.00
67.00 11.00 0.00
-65.00 15.00 0.00
-61.00 15.00 0.00
-57.00 15.00 0.00
-53.00 15.00 0.00
-49.00 15.00 0.12
-45.00 15.00 0.18
-41.00 15.00 0.24
-37.00 15.00 0.32
-33.00 15.00 0.38
-29.00 15.00 0.40
-25.00 15.00 0.45
-21.00 15.00 0.47
-17.00 15.00 0.45
-13.00 15.00 0.55
-9.00 15.00 0.70
-5.00 15.00 0.79
-1.00 15.00 0.79
3.00 15.00 0.71
7.00 15.00 0.59
11.00 15.00 0.48
15.00 15.00 0.39
19.00 15.00 0.32
23.00 15.00 0.28
27.00 15.00 0.26
31.00 15.00 0.25
35.00 15.00 0.26
39.00 15.00 0.28
43.00 15.00 0.29
47.00 15.00 0.25
51.00 15.00 0.00
55.00 15.00 0.00
59.00 15.00 0.00
63.00 15.00 0.00
67.00 15.00 0.00
-65.00 19.00 0.00
-61.00 19.00 0.00
-57.00 19.00 0.00
-53.00 19.00 0.00
-49.00 19.00 0.00
-45.00 19.00 0.12
-41.00 19.00 0.18
-37.00 19.00 0.24
-33.00 19.00 0.29
-29.00 19.00 0.32
-25.00 19.00 0.38
-21.00 19.00 0.40
-17.00 19.00 0.38
-13.00 19.00 0.32
-9.00 19.00 0.37
-5.00 19.00 0.39
-1.00 19.00 0.36
3.00 19.00 0.30
7.00 19.00 0.23
11.00 19.00 0.00
15.00 19.00 0.00
19.00 19.00 0.00
23.00 19.00 0.00
27.00 19.00 0.00
31.00 19.00 0.00
35.00 19.00 0.00
39.00 19.00 0.00
43.00 19.00 0.00
47.00 19.00 0.00
51.00 19.00 0.00
55.00 19.00 0.00
59.00 19.00 0.00
63.00 19.00 0.00
67.00 19.00 0.00
-65.00 23.00 0.00
-61.00 23.00 0.00
-57.00 23.00 0.00
-53.00 23.00 0.00
-49.00 23.00 0.00
-45.00 23.00 0.00
-41.00 23.00 0.12
-37.00 23.00 0.16
-33.00 23.00 0.19
-29.00 23.00 0.24
-25.00 23.00 0.29
-21.00 23.00 0.30
-17.00 23.00 0.29
-13.00 23.00 0.24
-9.00 23.00 0.18
-5.00 23.00 0.16
-1.00 23.00 0.00
3.00 23.00 0.00
7.00 23.00 0.00
11.00 23.00 0.00
15.00 23.00 0.00
19.00 23.00 0.00
23.00 23.00 0.00
27.00 23.00 0.00
31.00 23.00 0.00
35.00 23.00 0.00
39.00 23.00 0.00
43.00 23.00 0.00
47.00 23.00 0.00
51.00 23.00 0.00
55.00 23.00 0.00
59.00 23.00 0.00
63.00 23.00 0.00
67.00 23.00 0.00
-65.00 27.00 0.00
-61.00 27.00 0.00
-57.00 27.00 0.00
-53.00 27.00 0.00
-49.00 27.00 0.00
-45.00 27.00 0.00
-41.00 27.00 0.00
-37.00 27.00 0.00
-33.00 27.00 0.12
-29.00 27.00 0.16
-25.00 27.00 0.19
-21.00 27.00 0.21
-17.00 27.00 0.19
-13.00 27.00 0.16
-9.00 27.00 0.12
-5.00 27.00 0.00
-1.00 27.00 0.00
3.00 27.00 0.00
7.00 27.00 0.00
11.00 27.00 0.00
15.00 27.00 0.00
19.00 27.00 0.00
23.00 27.00 0.00
27.00 27.00 0.00
31.00 27.00 0.00
35.00 27.00 0.00
39.00 27.00 0.00
43.00 27.00 0.00
47.00 27.00 0.00
51.00 27.00 0.00
55.00 27.00 0.00
59.00 27.00 0.00
63.00 27.00 0.00
67.00 27.00 0.00
-65.00 31.00 0.00
-61.00 31.00 0.00
-57.00 31.00 0.00
-53.00 31.00 0.00
-49.00 31.00 0.00
-45.00 31.00 0.00
-41.00 31.00 0.00
-37.00 31.00 0.00
-33.00 31.00 0.00
-29.00 31.00 0.00
-25.00 31.00 0.12
-21.00 31.00 0.12
-17.00 31.00 0.12
-13.00 31.00 0.00
-9.00 31.00 0.00
-5.00 31.00 0.00
-1.00 31.00 0.00
3.00 31.00 0.00
7.00 31.00 0.00
11.00 31.00 0.00
15.00 31.00 0.00
19.00 31.00 0.00
23.00 31.00 0.00
27.00 31.00 0.00
31.00 31.00 0.00
35.00 31.00 0.00
39.00 31.00 0.00
43.00 31.00 0.00
47.00 31.00 0.00
51.00 31.00 0.00
55.00 31.00 0.00
59.00 31.00 0.00
63.00 31.00 0.00
67.00 31.00 0.00
