-124.9925 40.3752
-125.0140 40.3305
-124.5260 40.2947
-124.5100 40.3103
-125.0770 40.4465
-125.1033 40.4548
-125.1270 40.4708
-125.4128 40.4120
-124.9037 40.3297
-124.7920 40.3325
-124.5062 40.2972
-122.8028 38.8218
-125.0267 40.3293
-124.6088 40.2775
-124.6390 40.3605
-124.9188 40.3947
-124.7248 40.3618
-124.7823 40.4202
-124.5192 40.2940
-124.9177 40.3485
-124.9872 40.4508
-124.7427 40.3292
-124.4732 40.2998
-124.5033 40.2973
-124.4767 40.3002
-124.9415 40.3485
-124.7035 40.4300
-125.0218 40.4197
-124.8488 40.4032
-124.4957 40.3005
-124.4848 40.2998
-124.5600 40.2918
-124.4857 40.3103
-124.5108 40.2888
-124.4988 40.3013
-124.7335 40.3080
-124.7215 40.3893
-124.9812 40.3492
-124.7852 40.3510
-124.9730 40.3857
-124.8158 40.3387
-124.7933 40.3432
-124.7440 40.3417
-124.7060 40.3105
-124.6745 40.3953
-125.0873 40.3493
-124.5497 40.4548
-125.0335 40.3628
-124.9965 40.3682
-124.6943 40.3725
-125.0488 40.4515
-125.1033 40.4698
-125.0082 40.3888
-124.9132 40.3763
-124.9960 40.3790
-124.9213 40.3907
-126.1616 40.2241
-124.8927 40.4063
-124.7692 40.3347
-125.0190 40.3697
-125.0035 40.3670
-124.5562 40.2925
-124.9197 40.3438
-125.0200 40.3585
-125.5554 40.2727
-124.8632 40.3540
-125.1273 40.3833
-124.7860 40.3457
-124.5992 40.2870
-124.8883 40.3508
-124.7560 40.3397
-124.9088 40.3403
-124.5108 40.4815
-124.5075 40.2992
-125.2387 40.4827
-124.9967 40.3932
-124.9475 40.3490
-124.9493 40.3787
-124.9948 40.3687
-124.6802 40.3313
-124.8168 40.3757
-125.0190 40.3755
-124.9263 40.3470
-124.6717 40.3253
-124.8550 40.3700
-124.9732 40.3733
-124.5587 40.3043
-124.4557 40.4435
-122.8270 38.8442
-124.9150 40.3490
-122.8015 38.8018
