159.0129 50.9192 10.0000 4.2000 2025-08-05T23:06:18
158.9304 50.4253 10.0000 4.3000 2025-08-05T22:47:52
160.0982 52.9277 35.0000 4.4000 2025-08-05T22:18:19
160.1257 51.6920 10.0000 4.1000 2025-08-05T22:13:29
160.4302 52.3552 10.0000 5.2000 2025-08-05T21:45:40
160.4024 52.2394 10.0000 5.1000 2025-08-05T21:44:51
161.1957 51.8921 10.0000 4.4000 2025-08-05T21:30:37
160.2739 52.1847 33.9690 4.9000 2025-08-05T20:57:02
159.5267 49.9060 10.0000 4.3000 2025-08-05T20:15:21
161.4937 51.9347 10.0000 4.2000 2025-08-05T20:13:50
157.8883 49.2125 10.0000 4.5000 2025-08-05T19:58:03
160.4463 51.5015 10.0000 4.1000 2025-08-05T19:32:50
160.6475 51.3386 10.0000 4.5000 2025-08-05T16:30:17
160.6467 52.0883 21.8060 4.4000 2025-08-05T16:17:14
160.7032 51.2935 10.0000 4.2000 2025-08-05T16:13:20
159.6624 51.5009 32.3660 4.2000 2025-08-05T16:08:39
160.2527 52.8770 35.0000 4.1000 2025-08-05T15:59:44
158.6507 52.2937 10.0000 4.5000 2025-08-05T15:32:14
162.1129 53.6168 10.0000 4.2000 2025-08-05T15:15:04
160.5281 53.1058 43.1540 4.3000 2025-08-05T15:11:05
157.6864 49.9891 10.0000 4.1000 2025-08-05T15:07:13
160.8177 51.6201 10.0000 4.2000 2025-08-05T14:37:17
161.2928 53.2217 10.0000 4.3000 2025-08-05T14:25:21
159.4438 51.0955 10.0000 4.2000 2025-08-05T14:10:57
160.7510 51.4030 10.0000 4.4000 2025-08-05T13:53:20
159.8915 51.7149 10.0000 4.3000 2025-08-05T13:50:20
160.7010 51.9947 10.0000 4.0000 2025-08-05T13:33:13
159.5999 51.3466 10.0000 4.1000 2025-08-05T13:29:39
158.2134 50.1719 25.9120 4.1000 2025-08-05T13:13:46
158.2487 50.3926 33.9870 4.8000 2025-08-05T12:39:40
158.7069 51.1210 35.0000 4.7000 2025-08-05T12:34:21
159.6505 51.3999 10.0000 4.2000 2025-08-05T12:31:26
159.8114 51.6249 27.9730 4.5000 2025-08-05T12:20:06
160.6832 52.5356 26.6010 4.2000 2025-08-05T12:11:31
160.4426 52.1092 10.0000 4.5000 2025-08-05T11:34:46
158.7013 51.1257 35.0000 4.9000 2025-08-05T10:28:51
160.0691 49.6341 10.0000 5.0000 2025-08-05T10:15:51
161.5997 52.1290 10.0000 4.1000 2025-08-05T09:09:04
160.5927 52.1594 10.0000 4.3000 2025-08-05T09:00:58
159.5050 51.4203 24.4680 4.5000 2025-08-05T08:46:34
157.9105 50.5041 35.0000 4.4000 2025-08-05T08:38:11
158.5233 50.3392 21.7230 4.3000 2025-08-05T08:26:04
158.2162 50.5209 10.0000 4.8000 2025-08-05T08:14:11
158.6931 50.3895 10.0000 4.5000 2025-08-05T07:52:44
168.4951 53.2864 10.0000 4.5000 2025-08-05T07:35:06
157.6733 49.8939 22.6940 4.3000 2025-08-05T07:11:49
161.3132 51.7832 10.0000 4.3000 2025-08-05T07:01:01
158.8063 49.7710 10.0000 4.6000 2025-08-05T06:53:24
161.0675 51.3950 10.0000 4.1000 2025-08-05T06:41:28
161.4750 51.8691 10.0000 4.1000 2025-08-05T06:08:43
159.0230 50.3444 10.0000 4.4000 2025-08-05T04:32:48
158.3678 50.6392 35.0000 4.4000 2025-08-05T04:13:45
160.4604 52.0143 10.0000 4.2000 2025-08-05T03:54:58
160.2727 51.6656 10.0000 4.6000 2025-08-05T03:50:21
160.3324 52.3150 30.0840 4.4000 2025-08-05T03:11:15
157.2521 50.1937 35.0000 4.6000 2025-08-05T02:54:20
160.5399 52.5306 42.6440 4.1000 2025-08-05T02:45:51
161.0786 52.4060 18.4970 4.2000 2025-08-05T02:20:44
160.1635 52.3824 42.4200 4.8000 2025-08-05T02:16:50
160.3119 52.2338 38.4150 4.5000 2025-08-05T02:11:06
157.9673 50.7671 33.2710 4.3000 2025-08-05T02:03:52
160.2222 51.6356 10.0000 4.5000 2025-08-05T01:49:49
160.1579 52.2569 21.7140 5.1000 2025-08-05T01:47:35
160.0998 51.8821 35.0000 4.4000 2025-08-05T01:45:35
157.3035 49.3466 20.7290 4.4000 2025-08-05T01:19:08
160.6289 51.3124 10.0000 4.7000 2025-08-05T01:18:15
159.7982 51.3799 10.0000 4.3000 2025-08-05T00:36:52
159.9153 51.5318 10.0000 4.3000 2025-08-05T00:35:35
157.2986 50.3763 35.0000 4.7000 2025-08-05T00:11:06
161.1201 51.4227 10.0000 4.3000 2025-08-04T23:59:47
158.6348 50.2263 10.0000 4.3000 2025-08-04T23:44:34
159.4281 51.8350 35.0000 4.2000 2025-08-04T23:34:50
160.0847 52.2730 35.0000 4.2000 2025-08-04T22:33:35
160.8405 52.7724 10.0000 4.6000 2025-08-04T22:11:09
158.8900 51.1091 35.0000 4.2000 2025-08-04T22:08:01
158.5086 51.2727 35.0000 4.3000 2025-08-04T22:06:05
159.7431 51.4578 10.0000 4.9000 2025-08-04T21:59:45
160.9770 51.3629 10.0000 4.2000 2025-08-04T21:36:55
157.9737 49.2860 10.0000 4.3000 2025-08-04T21:28:43
158.3137 50.9847 35.0000 5.0000 2025-08-04T21:06:20
159.0675 51.2541 35.0370 4.0000 2025-08-04T20:40:55
159.0850 50.9503 28.9320 4.0000 2025-08-04T20:40:42
155.8422 48.9497 35.0000 4.2000 2025-08-04T20:37:36
157.5499 48.5461 10.0000 4.6000 2025-08-04T20:29:27
162.1056 52.3300 10.0000 4.0000 2025-08-04T20:19:31
158.1099 49.9421 10.0000 4.1000 2025-08-04T19:39:30
157.9449 50.7370 48.6990 4.0000 2025-08-04T19:33:56
158.3167 49.7002 19.7760 4.2000 2025-08-04T19:25:04
160.5014 52.5477 40.2300 4.3000 2025-08-04T19:10:20
160.6701 52.1637 21.8910 4.6000 2025-08-04T18:52:33
160.3489 52.1572 25.9640 4.5000 2025-08-04T18:49:14
157.4303 48.4937 10.0000 4.2000 2025-08-04T18:47:38
159.9964 52.4202 35.0000 4.4000 2025-08-04T18:27:36
159.2945 51.8688 35.0000 4.9000 2025-08-04T17:49:36
158.4131 51.4736 48.2030 4.3000 2025-08-04T17:47:54
161.0129 51.3210 10.0000 4.4000 2025-08-04T17:32:07
158.1827 50.1720 10.0000 4.3000 2025-08-04T17:29:09
157.3413 50.1175 35.0000 4.3000 2025-08-04T17:09:07
156.2726 49.0982 10.0000 5.2000 2025-08-04T16:46:11
160.0257 51.6779 10.0000 4.4000 2025-08-04T16:41:54
158.4650 50.6173 10.0000 4.4000 2025-08-04T15:59:59
159.1692 50.2465 10.0000 4.3000 2025-08-04T15:18:43
160.1850 52.2856 35.0000 4.4000 2025-08-04T15:01:56
159.0676 51.0766 40.4630 4.2000 2025-08-04T15:01:01
156.2966 49.2197 44.3560 4.2000 2025-08-04T14:07:57
159.7239 51.3451 33.7930 4.2000 2025-08-04T11:59:26
159.5188 51.0642 23.1230 4.2000 2025-08-04T11:58:28
159.3382 51.7592 35.0000 4.9000 2025-08-04T11:37:31
158.5795 50.1570 10.0000 4.6000 2025-08-04T11:30:49
161.1404 51.4140 10.0000 4.3000 2025-08-04T10:53:24
158.3609 50.0851 26.0910 4.0000 2025-08-04T10:39:56
158.9110 50.1825 10.0000 4.9000 2025-08-04T10:26:22
160.6691 52.2617 19.9620 4.2000 2025-08-04T10:21:41
159.5548 51.2485 10.0000 4.3000 2025-08-04T09:48:36
158.6169 51.2059 41.4110 4.2000 2025-08-04T09:45:11
157.9788 50.5179 29.1650 4.3000 2025-08-04T09:32:16
160.0888 51.5803 10.0000 4.4000 2025-08-04T09:21:23
160.5287 51.3119 10.0000 4.2000 2025-08-04T09:04:44
156.9120 49.8661 35.5720 4.0000 2025-08-04T08:58:44
159.5447 51.1468 22.3260 4.5000 2025-08-04T08:09:21
159.7044 51.3320 24.8790 4.2000 2025-08-04T08:09:03
160.6634 52.3102 10.0000 4.8000 2025-08-04T08:02:51
159.4489 51.9383 35.0000 4.2000 2025-08-04T07:35:19
159.2507 51.6218 35.0000 4.2000 2025-08-04T07:31:20
160.1888 51.9219 25.7160 4.0000 2025-08-04T07:20:24
157.5813 48.6505 10.0000 4.6000 2025-08-04T07:05:01
156.7144 49.6295 38.7800 5.0000 2025-08-04T06:48:35
160.4546 52.2855 10.0000 4.9000 2025-08-04T06:04:41
161.5776 51.9732 10.0000 4.3000 2025-08-04T05:46:43
158.2095 50.0735 10.0000 4.4000 2025-08-04T05:33:58
159.6083 51.3500 11.1650 4.5000 2025-08-04T05:32:02
158.8486 50.1604 10.0000 4.3000 2025-08-04T04:56:55
158.3665 50.0861 18.5350 4.9000 2025-08-04T04:24:58
156.3666 48.8586 16.0000 6.2000 2025-08-04T04:20:54
159.6201 51.4867 25.7560 4.4000 2025-08-04T04:05:21
159.3289 51.4311 35.0000 4.4000 2025-08-04T03:39:19
159.8638 51.9812 10.0000 5.0000 2025-08-04T03:36:11
158.3352 50.2297 29.2800 4.1000 2025-08-04T03:34:53
157.3698 49.3583 10.0000 4.0000 2025-08-04T03:20:37
159.4917 51.4570 28.2050 4.7000 2025-08-04T03:18:36
159.5305 51.6023 10.0000 4.8000 2025-08-04T02:51:01
159.5529 51.6269 24.7760 4.6000 2025-08-04T02:34:02
160.7083 51.6721 10.0000 4.2000 2025-08-04T01:33:42
159.0870 51.2863 35.0000 4.3000 2025-08-04T01:29:15
158.9950 50.8196 11.9930 4.6000 2025-08-04T01:08:34
160.7206 52.7357 35.0000 4.3000 2025-08-04T00:22:22
160.5270 52.5424 10.0000 4.1000 2025-08-03T23:39:31
158.7342 50.3592 10.0000 4.3000 2025-08-03T23:27:01
160.2293 52.7805 35.0000 4.5000 2025-08-03T23:24:52
159.1375 51.5344 35.0000 4.2000 2025-08-03T22:37:09
160.6475 52.6226 24.2700 4.6000 2025-08-03T22:17:31
160.2086 50.7426 10.0000 4.2000 2025-08-03T22:16:49
155.4251 48.8347 35.0000 5.1000 2025-08-03T21:55:09
158.5882 49.2367 10.0000 4.5000 2025-08-03T21:53:26
160.5594 52.3212 10.0000 4.9000 2025-08-03T21:44:34
160.6238 52.3724 20.5810 4.7000 2025-08-03T21:43:57
160.4179 52.4126 10.0000 5.0000 2025-08-03T21:22:00
161.2335 51.4135 10.0000 4.1000 2025-08-03T21:06:49
160.5315 52.6468 10.0000 4.6000 2025-08-03T20:21:40
161.1532 52.4216 10.0000 4.2000 2025-08-03T20:16:32
157.1438 49.9629 40.5050 5.1000 2025-08-03T20:08:49
159.5390 50.0186 10.0000 5.1000 2025-08-03T19:47:39
160.8387 52.1916 33.5070 4.5000 2025-08-03T19:47:21
159.5352 51.5651 10.0000 5.1000 2025-08-03T19:38:01
159.5665 50.0476 10.0000 4.3000 2025-08-03T19:31:59
160.5927 52.1311 17.1910 5.1000 2025-08-03T19:27:10
159.3669 51.5640 10.0000 4.6000 2025-08-03T19:17:57
158.7380 51.1233 29.5350 4.2000 2025-08-03T19:12:10
160.5642 52.4344 10.0000 4.8000 2025-08-03T18:56:28
159.0741 51.8530 35.0000 4.3000 2025-08-03T18:28:03
160.8984 51.4368 10.0000 4.4000 2025-08-03T18:19:57
159.8475 51.7915 22.9050 5.1000 2025-08-03T18:18:57
158.8955 50.2411 27.3400 4.8000 2025-08-03T18:16:34
160.9573 52.5460 10.0000 4.4000 2025-08-03T18:12:24
160.6678 52.4978 9.0000 5.6000 2025-08-03T18:07:33
161.2126 51.3015 10.0000 4.1000 2025-08-03T17:39:05
159.0342 51.5991 47.3950 4.5000 2025-08-03T17:29:17
159.8440 51.7660 10.0000 4.0000 2025-08-03T17:16:08
160.9786 52.5119 10.0000 4.6000 2025-08-03T16:47:50
157.1431 50.3139 35.0000 4.1000 2025-08-03T16:44:09
161.6454 53.2871 10.0000 4.7000 2025-08-03T16:39:51
159.7477 49.9712 10.0000 4.6000 2025-08-03T16:25:24
160.4261 52.1808 10.0000 4.4000 2025-08-03T16:08:00
161.1637 51.4434 10.0000 4.3000 2025-08-03T15:29:38
161.3969 51.5793 10.0000 4.3000 2025-08-03T15:26:03
161.0624 51.5273 10.0000 4.7000 2025-08-03T15:12:05
160.1211 51.8159 29.2410 4.9000 2025-08-03T15:06:06
157.9168 49.0866 10.0000 4.5000 2025-08-03T14:57:10
157.9360 50.4088 10.0000 4.5000 2025-08-03T14:43:54
160.7572 52.3341 10.0000 5.2000 2025-08-03T14:29:29
160.6912 52.4283 10.0000 5.6000 2025-08-03T14:26:45
159.3673 51.2479 32.6030 4.7000 2025-08-03T14:11:24
159.1358 50.2270 10.0000 4.7000 2025-08-03T14:05:51
160.2336 51.6948 10.0000 4.5000 2025-08-03T13:53:12
159.5324 50.2744 10.0000 4.2000 2025-08-03T13:35:10
159.0682 50.3111 10.0000 5.2000 2025-08-03T13:25:21
159.4326 50.0408 10.0000 4.2000 2025-08-03T12:54:37
158.8016 50.3965 10.0000 4.4000 2025-08-03T12:45:16
158.9038 50.4204 10.0000 5.0000 2025-08-03T12:38:31
158.9868 50.2859 10.0000 5.1000 2025-08-03T12:38:18
159.0167 50.2826 10.0000 4.0000 2025-08-03T12:35:20
157.1933 49.8206 33.5430 4.7000 2025-08-03T12:18:59
160.8543 52.2440 39.1670 4.3000 2025-08-03T12:06:21
158.6144 50.8617 33.7480 4.4000 2025-08-03T11:54:33
158.5853 50.3704 10.0000 4.3000 2025-08-03T11:10:39
159.9497 50.7604 10.0000 4.2000 2025-08-03T10:55:43
159.0052 50.9094 10.0000 4.3000 2025-08-03T10:27:56
160.2730 50.8267 10.0000 4.5000 2025-08-03T09:04:58
158.9455 50.1614 10.0000 4.4000 2025-08-03T08:55:53
158.0204 50.7266 25.8650 4.6000 2025-08-03T08:34:41
158.6797 50.8744 10.0000 4.2000 2025-08-03T08:23:51
161.6613 51.9869 10.0000 4.0000 2025-08-03T08:13:52
157.8643 50.5088 35.0000 4.4000 2025-08-03T08:07:30
159.5085 51.6151 36.7150 4.8000 2025-08-03T07:36:22
157.8147 50.6681 35.0000 4.7000 2025-08-03T07:33:57
159.2863 51.8445 35.0000 4.1000 2025-08-03T07:29:42
161.0597 51.4172 10.0000 4.1000 2025-08-03T06:59:14
158.0024 50.6175 33.5760 4.5000 2025-08-03T06:37:01
157.4971 48.6113 10.0000 4.4000 2025-08-03T06:04:58
157.5274 49.2985 10.0000 4.3000 2025-08-03T06:03:14
157.8643 50.5853 30.0000 6.8000 2025-08-03T05:37:55
161.4989 53.5468 10.0000 4.3000 2025-08-03T05:29:48
160.2459 52.1276 29.8230 4.4000 2025-08-03T05:06:38
162.3730 56.3735 10.0000 4.4000 2025-08-03T04:49:34
158.9827 50.7630 10.0000 4.1000 2025-08-03T04:31:31
160.1233 51.9140 35.0000 4.7000 2025-08-03T04:29:12
158.5497 51.0992 35.0000 4.2000 2025-08-03T04:19:21
158.8847 50.1621 10.0000 5.1000 2025-08-03T04:01:26
158.0205 50.4064 10.0000 4.1000 2025-08-03T03:21:13
161.1540 51.5370 10.0000 4.4000 2025-08-03T02:55:29
160.5575 52.4464 35.0000 4.5000 2025-08-03T02:37:09
157.6330 50.5000 47.9580 4.5000 2025-08-03T01:39:35
159.0254 51.0313 10.0000 4.4000 2025-08-03T01:22:02
161.9981 52.3220 10.0000 4.5000 2025-08-03T01:14:44
160.8182 53.1649 35.0000 4.2000 2025-08-03T01:13:46
159.7026 51.4610 10.0000 4.5000 2025-08-03T00:59:36
159.7334 51.4892 10.0000 4.9000 2025-08-03T00:52:13
160.3175 52.6319 35.0000 4.0000 2025-08-03T00:51:24
160.2803 51.7976 10.0000 4.4000 2025-08-03T00:43:57
159.7586 51.5831 10.0000 4.8000 2025-08-03T00:31:46
158.2444 50.3131 10.0000 4.5000 2025-08-03T00:23:24
160.3259 52.3226 30.4430 4.7000 2025-08-03T00:15:08
158.4395 50.3078 25.2620 5.0000 2025-08-03T00:10:00
158.3979 50.3317 22.6340 4.1000 2025-08-03T00:01:33
161.9899 52.4948 10.0000 4.3000 2025-08-02T23:41:54
159.5896 51.4214 10.0000 4.8000 2025-08-02T23:29:46
159.6724 51.5482 10.0000 4.9000 2025-08-02T23:24:27
159.6445 51.3206 25.8200 4.4000 2025-08-02T23:21:18
160.1337 52.2317 35.0000 4.2000 2025-08-02T23:06:38
159.1340 50.3301 10.0000 4.4000 2025-08-02T23:03:57
159.9547 51.9185 47.8010 4.4000 2025-08-02T22:45:08
159.5546 51.4960 10.0000 4.9000 2025-08-02T22:28:49
158.7601 50.3453 31.0770 4.5000 2025-08-02T21:13:59
159.0612 50.1947 10.0000 5.1000 2025-08-02T21:11:51
160.8939 51.4447 10.0000 4.5000 2025-08-02T20:06:38
159.7647 50.5297 10.0000 4.2000 2025-08-02T19:25:10
160.9167 51.3729 10.0000 4.2000 2025-08-02T19:22:58
159.0888 50.2511 10.0000 4.9000 2025-08-02T19:07:05
158.7994 50.3121 10.0000 4.5000 2025-08-02T19:00:12
160.4299 52.2702 27.0610 4.5000 2025-08-02T18:42:49
157.3988 48.6614 10.0000 4.7000 2025-08-02T18:20:59
159.4375 51.2851 20.4220 4.5000 2025-08-02T18:12:21
159.9977 50.8117 10.0000 4.5000 2025-08-02T18:02:36
159.9379 52.1609 41.1420 4.1000 2025-08-02T18:02:11
159.2558 51.3019 10.0000 4.5000 2025-08-02T17:58:34
160.0723 50.8157 10.0000 4.5000 2025-08-02T17:49:52
159.8964 51.6296 35.2110 4.2000 2025-08-02T17:36:42
155.5120 48.4313 10.0000 4.3000 2025-08-02T17:07:43
159.7335 51.4836 25.1820 4.6000 2025-08-02T16:41:23
160.0534 51.6685 10.0000 4.5000 2025-08-02T16:22:37
159.7450 51.4759 10.0000 4.0000 2025-08-02T15:26:58
159.7880 51.5880 44.4210 4.6000 2025-08-02T14:32:02
160.1429 51.3157 10.0000 4.6000 2025-08-02T14:20:43
159.5993 51.6380 10.0000 5.2000 2025-08-02T14:18:45
159.4631 51.5911 17.0000 6.0000 2025-08-02T14:14:03
159.2446 51.1533 35.0000 4.4000 2025-08-02T14:12:07
160.3235 52.2614 10.0000 4.8000 2025-08-02T13:51:50
159.9049 51.7306 10.0000 4.3000 2025-08-02T13:51:06
159.7699 51.6744 10.0000 4.6000 2025-08-02T13:36:22
159.2626 50.3063 10.0000 4.4000 2025-08-02T12:58:02
159.1208 50.4259 10.0000 4.3000 2025-08-02T12:29:08
156.4101 49.2150 36.8840 4.0000 2025-08-02T12:22:36
158.7853 51.2982 40.8040 4.3000 2025-08-02T12:00:02
159.5838 51.6114 25.7350 4.5000 2025-08-02T11:52:20
159.5842 51.5576 22.8180 4.7000 2025-08-02T11:15:01
159.6045 51.5932 28.4030 5.4000 2025-08-02T11:06:02
160.2326 52.2860 35.0000 4.4000 2025-08-02T10:37:08
159.8264 51.2743 10.0000 4.5000 2025-08-02T10:30:25
160.3005 51.7765 10.0000 4.5000 2025-08-02T10:07:28
159.8847 50.5727 10.0000 4.4000 2025-08-02T10:06:45
160.6277 52.1871 10.0000 4.5000 2025-08-02T09:52:39
159.7403 51.0604 10.0000 4.3000 2025-08-02T09:43:50
157.8409 49.1823 10.0000 4.3000 2025-08-02T09:33:47
159.0823 51.2524 35.0000 4.4000 2025-08-02T09:10:23
159.1222 50.1902 10.0000 4.3000 2025-08-02T08:58:18
160.7404 52.2797 38.4540 4.8000 2025-08-02T08:56:00
160.3142 52.0942 28.9840 4.6000 2025-08-02T08:44:28
158.6402 51.5116 35.0000 4.1000 2025-08-02T08:38:58
159.5901 51.7882 33.2850 4.1000 2025-08-02T08:28:39
158.8473 51.0842 32.5120 4.0000 2025-08-02T08:22:40
159.2093 51.8244 42.7950 4.0000 2025-08-02T07:55:07
160.0484 51.8234 28.5890 4.4000 2025-08-02T07:42:29
161.3522 51.9929 10.0000 4.6000 2025-08-02T07:37:47
159.4974 51.5283 35.0000 4.2000 2025-08-02T07:23:40
160.0336 50.4323 10.0000 4.4000 2025-08-02T06:50:14
158.0894 49.0132 10.0000 4.5000 2025-08-02T06:36:46
157.1885 49.9279 42.7690 4.3000 2025-08-02T05:58:22
159.3619 51.7473 34.8550 4.4000 2025-08-02T05:49:19
160.5281 52.6830 32.6890 4.0000 2025-08-02T05:45:48
161.0457 51.3262 10.0000 3.9000 2025-08-02T05:35:32
159.4416 49.9806 10.0000 4.6000 2025-08-02T05:35:31
160.7425 52.1932 10.0000 4.0000 2025-08-02T05:30:55
160.2649 51.9805 35.0000 4.2000 2025-08-02T05:19:15
160.4042 52.2410 35.0000 4.7000 2025-08-02T05:08:55
156.3627 49.3716 34.1580 4.5000 2025-08-02T04:42:48
160.6974 52.6084 35.0000 4.2000 2025-08-02T04:38:33
159.1854 51.2150 35.9330 4.4000 2025-08-02T04:31:23
159.6687 51.2783 10.0000 4.4000 2025-08-02T04:16:24
161.2628 52.3278 10.0000 4.2000 2025-08-02T04:15:37
156.5677 49.8313 40.6090 4.2000 2025-08-02T04:00:29
161.9184 52.8619 10.0000 4.4000 2025-08-02T03:45:46
160.4874 52.3592 35.0000 4.3000 2025-08-02T02:50:38
155.8154 49.0048 35.0000 4.4000 2025-08-02T02:43:29
159.2361 51.0072 20.9500 4.5000 2025-08-02T02:00:23
159.4558 50.3220 10.0000 4.0000 2025-08-02T01:32:40
160.6735 52.7995 35.0000 4.4000 2025-08-02T01:30:07
156.3492 49.2126 39.0720 4.9000 2025-08-02T01:24:48
157.0212 49.8310 35.0000 4.3000 2025-08-02T01:21:42
159.2082 51.0514 10.0000 4.6000 2025-08-02T01:11:53
160.4646 52.3606 35.0000 4.4000 2025-08-02T01:09:56
156.9021 49.7987 35.0000 4.4000 2025-08-02T01:08:33
159.5148 50.4326 10.0000 4.2000 2025-08-02T01:03:15
157.7444 50.1888 35.0000 4.7000 2025-08-02T01:00:01
159.2430 50.0176 10.0000 4.3000 2025-08-02T00:50:13
160.2414 51.8027 10.0000 4.5000 2025-08-02T00:34:43
156.2686 49.0746 10.0000 4.5000 2025-08-02T00:27:44
158.7407 51.4339 35.0000 4.8000 2025-08-02T00:25:03
158.0758 50.6570 35.0000 4.9000 2025-08-02T00:22:05
160.0568 51.6034 35.0000 4.6000 2025-08-02T00:13:37
159.5146 50.0506 10.0000 4.7000 2025-08-02T00:10:11
159.0998 50.2768 10.0000 4.9000 2025-08-02T00:09:10
160.2850 52.2331 35.0000 4.4000 2025-08-01T23:46:49
159.7088 51.8740 35.0000 4.4000 2025-08-01T23:38:59
160.2634 52.2794 35.0000 4.3000 2025-08-01T23:26:07
159.7842 51.2196 10.0000 4.6000 2025-08-01T23:05:28
160.7421 52.2516 10.0000 5.1000 2025-08-01T22:51:30
160.7874 52.1725 10.0000 5.0000 2025-08-01T22:29:15
157.9377 50.4325 26.8230 4.2000 2025-08-01T22:24:53
159.1275 51.8277 48.4460 4.4000 2025-08-01T22:22:59
160.5796 51.6058 10.0000 4.4000 2025-08-01T22:19:10
158.7091 50.3290 10.0000 4.1000 2025-08-01T22:18:46
158.4230 49.8192 10.0000 4.5000 2025-08-01T22:10:24
160.2698 52.1037 10.0000 5.4000 2025-08-01T22:03:02
156.0024 49.4078 35.7870 4.3000 2025-08-01T21:56:03
160.7987 51.9767 10.0000 4.3000 2025-08-01T21:55:50
157.7640 50.0928 27.8300 4.3000 2025-08-01T21:50:08
159.5325 51.4128 26.0570 4.6000 2025-08-01T21:47:21
160.2437 52.1576 10.0000 4.5000 2025-08-01T21:44:39
159.0050 50.3244 10.0000 4.1000 2025-08-01T21:43:18
159.4346 51.7773 35.0000 4.2000 2025-08-01T21:25:51
159.8108 51.5168 35.0000 4.3000 2025-08-01T20:55:02
158.8000 51.0181 35.0000 5.0000 2025-08-01T20:32:24
160.9987 51.7184 10.0000 4.1000 2025-08-01T20:31:40
158.6883 51.6292 46.2200 4.0000 2025-08-01T20:20:36
158.5847 50.7234 27.4160 4.2000 2025-08-01T19:48:49
158.6584 50.3316 10.0000 4.7000 2025-08-01T19:30:52
160.6186 52.4419 26.4480 4.5000 2025-08-01T19:24:23
158.9085 50.3702 10.0000 4.5000 2025-08-01T19:14:42
159.2095 51.2461 10.0000 4.6000 2025-08-01T19:08:39
159.1684 51.6923 10.0000 4.7000 2025-08-01T19:07:36
159.4915 49.7442 10.0000 4.4000 2025-08-01T19:01:33
159.0513 50.1730 10.0000 5.2000 2025-08-01T18:55:22
161.4392 52.7977 10.0000 5.5000 2025-08-01T18:53:10
160.7756 52.2865 10.0000 5.0000 2025-08-01T18:51:56
160.1533 52.1506 28.3420 4.4000 2025-08-01T18:47:24
159.3224 50.1629 10.0000 4.4000 2025-08-01T18:42:10
158.8601 50.0326 10.0000 4.4000 2025-08-01T18:40:41
160.6678 52.4000 10.0000 4.0000 2025-08-01T18:37:37
160.6079 52.2305 10.0000 5.0000 2025-08-01T18:28:07
158.8164 50.3762 10.0000 5.3000 2025-08-01T18:23:54
159.0659 50.2099 10.0000 6.1000 2025-08-01T18:20:45
159.2389 52.0022 49.4910 4.7000 2025-08-01T18:11:29
158.3757 50.6975 26.3990 4.3000 2025-08-01T18:09:41
159.6639 50.3103 10.0000 4.3000 2025-08-01T18:07:32
159.3788 51.1834 34.5790 4.1000 2025-08-01T18:06:05
158.8451 52.7014 10.0000 4.5000 2025-08-01T17:51:04
161.1151 52.2098 10.0000 4.5000 2025-08-01T17:50:09
157.0791 50.3543 38.9840 4.4000 2025-08-01T17:48:47
158.4247 49.9782 10.0000 4.6000 2025-08-01T17:43:50
159.6470 51.4961 24.6490 4.8000 2025-08-01T17:41:01
160.6908 54.4002 10.0000 4.3000 2025-08-01T17:40:17
157.5025 49.8279 25.7160 4.3000 2025-08-01T16:55:05
160.5511 51.9644 10.0000 4.4000 2025-08-01T16:39:53
160.6769 52.3722 26.0210 4.9000 2025-08-01T16:33:22
159.4483 50.2200 10.0000 4.1000 2025-08-01T16:30:27
160.4498 54.5816 10.0000 4.3000 2025-08-01T16:23:56
160.0174 54.6742 10.0000 4.3000 2025-08-01T16:16:40
159.6183 50.2483 10.0000 4.4000 2025-08-01T16:15:31
160.2454 54.6812 10.0000 4.3000 2025-08-01T16:07:17
159.4667 49.9680 10.0000 4.4000 2025-08-01T15:58:21
160.4383 54.6117 9.9490 4.4000 2025-08-01T15:46:57
158.6292 51.0504 35.0000 4.1000 2025-08-01T15:44:25
159.6059 51.8250 40.4460 4.4000 2025-08-01T15:42:05
159.4248 50.1143 10.0000 4.5000 2025-08-01T15:26:56
159.9452 54.8264 10.0000 4.3000 2025-08-01T15:24:25
156.3941 49.2099 35.0000 4.4000 2025-08-01T15:19:43
160.2387 54.5675 10.0000 4.3000 2025-08-01T15:18:10
158.9068 49.4694 10.0000 4.4000 2025-08-01T14:59:29
159.2399 50.3753 10.0000 4.3000 2025-08-01T14:57:44
160.2488 54.6935 10.0000 4.0000 2025-08-01T14:55:36
160.3007 54.5521 10.0000 4.3000 2025-08-01T14:48:35
157.0695 50.0383 35.0000 4.2000 2025-08-01T14:38:13
160.0941 54.7679 10.0000 4.3000 2025-08-01T14:37:28
160.1378 54.8415 10.0000 4.1000 2025-08-01T14:32:01
161.4460 53.4486 26.9860 4.8000 2025-08-01T14:08:43
160.0911 50.8282 10.0000 4.3000 2025-08-01T14:03:45
159.5849 51.6411 38.8180 4.6000 2025-08-01T13:59:10
160.2809 54.6343 10.0000 4.3000 2025-08-01T13:58:19
158.9610 49.9056 10.0000 4.6000 2025-08-01T13:48:37
158.3749 51.9877 23.0000 5.6000 2025-08-01T13:44:14
159.5699 50.3429 10.0000 4.7000 2025-08-01T13:40:12
160.7032 52.5984 10.0000 4.5000 2025-08-01T13:29:13
158.2612 51.1622 35.0000 5.0000 2025-08-01T13:26:34
160.1692 54.7858 10.0000 4.2000 2025-08-01T13:25:37
160.5343 52.3971 35.0000 4.2000 2025-08-01T13:21:20
160.4206 54.6464 10.0000 4.1000 2025-08-01T13:18:38
159.9272 52.2207 35.0000 4.6000 2025-08-01T13:14:28
160.1413 54.6966 10.0000 4.1000 2025-08-01T13:06:25
160.2415 54.7831 10.0000 4.2000 2025-08-01T12:53:46
157.5844 48.4780 10.0000 4.6000 2025-08-01T12:51:44
158.7707 51.6032 35.0000 4.1000 2025-08-01T12:48:45
159.5150 51.3569 35.0000 4.7000 2025-08-01T12:46:31
159.9750 51.3779 35.0000 4.5000 2025-08-01T12:42:37
160.1081 51.8609 10.0000 5.3000 2025-08-01T12:39:36
160.2389 54.7442 10.0000 4.2000 2025-08-01T12:37:04
160.5071 52.1633 34.8310 4.4000 2025-08-01T12:34:44
159.7249 51.9687 35.0000 4.2000 2025-08-01T12:15:28
159.0956 51.5708 35.0000 4.8000 2025-08-01T12:08:59
160.7463 52.4567 10.0000 5.4000 2025-08-01T12:02:08
160.0431 51.7269 19.0000 5.9000 2025-08-01T11:57:23
157.9132 49.4262 10.0000 4.6000 2025-08-01T11:53:47
160.2440 52.5010 33.7030 4.4000 2025-08-01T11:50:12
159.3876 51.3825 35.0000 4.9000 2025-08-01T11:29:27
159.6425 50.3058 10.0000 4.1000 2025-08-01T11:27:17
161.8006 52.5238 10.0000 4.2000 2025-08-01T11:19:26
160.7370 52.4521 10.0000 4.6000 2025-08-01T11:15:44
156.8591 49.9825 35.0000 4.9000 2025-08-01T11:02:41
159.4509 50.0007 10.0000 5.1000 2025-08-01T10:59:58
157.8481 50.5270 23.0000 5.7000 2025-08-01T10:54:58
158.3310 49.9763 10.0000 4.6000 2025-08-01T10:54:08
160.6021 52.0394 10.0000 4.2000 2025-08-01T10:49:50
159.0300 49.9090 10.0000 4.6000 2025-08-01T10:37:53
159.7070 51.8450 24.1110 4.4000 2025-08-01T10:32:52
161.2541 51.8851 10.0000 4.3000 2025-08-01T10:28:59
159.1547 51.2831 35.8010 4.7000 2025-08-01T10:14:46
160.6430 52.8617 32.6830 4.7000 2025-08-01T10:12:47
157.2859 48.6128 10.0000 4.4000 2025-08-01T09:56:58
159.3602 51.4746 35.0000 4.2000 2025-08-01T09:51:25
159.8844 51.3801 10.0000 5.0000 2025-08-01T09:45:17
159.8999 50.9821 10.0000 4.3000 2025-08-01T09:44:21
158.6591 50.2248 10.0000 4.6000 2025-08-01T09:15:09
157.9298 49.4418 10.0000 4.2000 2025-08-01T08:56:00
160.0361 52.7100 38.2510 4.3000 2025-08-01T08:55:16
160.1460 52.8059 28.0000 5.7000 2025-08-01T08:34:25
158.5035 51.2305 43.0970 5.1000 2025-08-01T08:31:58
160.1578 51.8442 10.0000 4.6000 2025-08-01T08:22:35
159.3006 51.8356 35.0000 4.3000 2025-08-01T08:11:52
159.2523 50.9601 10.0000 4.4000 2025-08-01T08:07:10
159.4549 51.9493 40.0620 4.5000 2025-08-01T07:52:35
160.4217 51.7662 10.0000 5.3000 2025-08-01T07:44:11
158.2288 50.5974 29.4110 4.4000 2025-08-01T07:33:36
158.9493 50.2231 10.0000 4.7000 2025-08-01T07:08:13
157.8292 50.0075 10.0000 4.4000 2025-08-01T07:03:25
161.3549 51.8869 10.0000 4.3000 2025-08-01T06:56:45
161.6881 52.4051 10.0000 4.1000 2025-08-01T06:40:47
159.8052 51.4709 10.0000 4.3000 2025-08-01T06:38:47
157.9027 50.0292 10.0000 4.2000 2025-08-01T05:50:47
161.8518 53.4327 31.2700 4.1000 2025-08-01T05:46:14
159.9301 52.3720 37.8520 4.2000 2025-08-01T05:31:21
159.4184 50.0369 10.0000 4.8000 2025-08-01T05:27:04
158.7269 50.9661 38.1090 4.5000 2025-08-01T05:24:32
155.9545 49.5484 48.8290 4.2000 2025-08-01T05:21:50
158.7716 50.8792 33.9970 4.7000 2025-08-01T05:14:33
157.4251 48.6211 10.0000 5.0000 2025-08-01T05:06:51
159.6239 51.1538 10.0000 5.0000 2025-08-01T05:02:17
161.2018 51.8198 10.0000 4.2000 2025-08-01T04:52:18
158.1272 50.6538 28.1020 4.6000 2025-08-01T04:40:53
161.1661 51.5401 10.0000 4.3000 2025-08-01T04:32:52
158.1956 51.0066 35.0000 4.2000 2025-08-01T04:09:37
157.0846 49.7788 35.0000 4.7000 2025-08-01T04:07:15
160.2269 51.8377 10.0000 5.3000 2025-08-01T03:39:43
161.3167 52.8860 10.0000 4.4000 2025-08-01T03:36:56
159.3325 51.5708 30.8000 4.5000 2025-08-01T03:29:48
157.3390 50.0155 35.0270 4.8000 2025-08-01T03:08:14
161.5172 51.9095 10.0000 4.3000 2025-08-01T03:01:59
161.5807 52.0987 10.0000 4.4000 2025-08-01T03:00:00
157.9655 49.6406 10.0000 4.4000 2025-08-01T02:52:04
158.3841 51.0719 35.0000 5.1000 2025-08-01T02:48:55
158.1252 50.2986 17.4720 4.6000 2025-08-01T02:39:11
160.3504 51.9812 28.3920 4.5000 2025-08-01T02:33:36
160.2449 52.1141 22.9120 4.3000 2025-08-01T02:29:30
157.4532 50.0516 35.0000 5.1000 2025-08-01T01:53:21
161.0889 52.8200 37.2530 4.5000 2025-08-01T01:51:57
161.3826 52.8110 10.0000 5.4000 2025-08-01T01:36:37
158.8894 51.0821 38.5870 4.5000 2025-08-01T01:34:20
160.5197 52.4134 10.0000 4.6000 2025-08-01T01:22:03
157.9200 49.0127 10.0000 4.2000 2025-08-01T01:17:01
156.6463 49.5599 36.2930 4.2000 2025-08-01T01:15:29
161.1811 52.6353 10.0000 5.0000 2025-08-01T01:00:17
159.6653 51.8242 27.9560 4.6000 2025-08-01T01:00:09
159.3639 49.8564 10.0000 4.5000 2025-08-01T00:57:37
159.6599 50.1081 10.0000 4.3000 2025-08-01T00:48:57
161.1872 52.8221 21.2590 4.4000 2025-08-01T00:48:04
159.2549 51.5437 35.0000 4.7000 2025-08-01T00:40:55
159.1397 51.3320 35.0000 4.4000 2025-08-01T00:23:18
157.9461 50.5344 35.0000 4.2000 2025-08-01T00:22:42
161.3073 52.8321 32.3370 4.5000 2025-08-01T00:13:10
157.9060 49.8370 10.0000 4.1000 2025-07-31T23:47:14
157.7258 49.2422 10.0000 4.0000 2025-07-31T23:36:46
158.5308 49.5624 10.0000 4.6000 2025-07-31T23:28:56
158.1563 50.3943 10.0000 4.8000 2025-07-31T23:16:19
159.2754 50.5716 10.0000 4.6000 2025-07-31T23:14:11
161.0674 52.7010 17.4180 4.9000 2025-07-31T23:07:57
160.8717 51.8377 10.0000 4.6000 2025-07-31T22:59:19
159.6250 50.3319 10.0000 4.4000 2025-07-31T22:57:32
159.6208 49.6921 10.0000 4.4000 2025-07-31T22:48:50
161.0265 52.0273 24.5220 4.8000 2025-07-31T22:16:30
160.6197 51.7308 35.1920 4.1000 2025-07-31T22:16:03
159.7450 51.0967 10.0000 4.3000 2025-07-31T22:09:48
160.9140 53.1257 45.8090 4.1000 2025-07-31T22:03:14
158.9288 51.2677 28.5460 4.6000 2025-07-31T21:59:01
157.3946 49.7530 10.0000 4.6000 2025-07-31T21:45:41
159.6050 51.8479 34.9980 4.8000 2025-07-31T21:44:47
160.6646 52.2835 23.1520 4.0000 2025-07-31T21:28:33
157.7232 49.1386 10.0000 4.1000 2025-07-31T21:26:34
159.5252 51.6328 10.0000 4.5000 2025-07-31T21:20:37
159.4854 51.3905 10.0000 4.6000 2025-07-31T21:20:04
158.0317 49.0849 10.0000 4.5000 2025-07-31T21:18:33
158.3175 51.2231 35.0000 4.9000 2025-07-31T21:03:27
159.3358 51.6238 38.1350 4.1000 2025-07-31T20:58:43
157.6686 50.3822 35.1630 4.4000 2025-07-31T20:53:28
157.5701 49.1761 10.0000 4.5000 2025-07-31T20:49:00
155.2230 49.2887 35.0000 4.4000 2025-07-31T20:43:00
157.7736 49.0807 10.0000 4.9000 2025-07-31T20:41:18
160.9806 52.5859 14.0000 5.7000 2025-07-31T20:36:03
161.3413 53.1798 10.0000 4.1000 2025-07-31T20:33:40
160.9769 52.8179 10.0000 4.6000 2025-07-31T20:30:56
160.2931 51.3367 10.0000 4.3000 2025-07-31T20:10:19
160.4960 52.3909 10.0000 4.1000 2025-07-31T20:02:09
157.9873 50.5924 35.0000 4.2000 2025-07-31T20:01:07
160.9180 53.0146 10.0000 4.2000 2025-07-31T19:54:31
160.8506 51.9590 10.0000 4.2000 2025-07-31T19:53:51
159.2436 52.0133 35.0000 4.6000 2025-07-31T19:51:05
158.9113 51.2092 10.0000 4.0000 2025-07-31T19:50:04
159.5890 51.3546 10.0000 4.2000 2025-07-31T19:47:18
157.6072 49.1712 10.0000 4.4000 2025-07-31T19:40:34
159.4431 51.5449 10.0000 4.4000 2025-07-31T19:36:31
160.0970 50.7010 10.0000 4.2000 2025-07-31T19:24:14
160.0355 50.6596 10.0000 4.3000 2025-07-31T19:23:39
160.9803 52.8908 24.3040 4.4000 2025-07-31T19:19:51
158.6245 50.3690 20.3460 4.8000 2025-07-31T19:18:09
160.8556 53.3411 35.0000 4.6000 2025-07-31T19:10:54
161.1399 52.9657 26.4800 4.9000 2025-07-31T19:10:12
156.0509 49.2104 24.7680 4.6000 2025-07-31T19:04:48
158.4205 49.9721 10.0000 4.2000 2025-07-31T19:02:47
160.3791 51.8525 10.0000 4.1000 2025-07-31T18:47:33
159.5570 51.5450 35.0000 5.1000 2025-07-31T18:41:00
159.3253 51.6047 34.9630 4.7000 2025-07-31T18:40:52
160.4615 52.0422 10.0000 4.1000 2025-07-31T18:27:28
157.5095 49.9425 10.0000 4.6000 2025-07-31T18:22:16
160.3203 52.3073 28.2240 4.9000 2025-07-31T18:10:10
159.6580 51.6425 10.0000 4.4000 2025-07-31T18:07:27
159.6747 50.2881 10.0000 4.0000 2025-07-31T18:01:47
160.6406 51.6050 10.0000 4.2000 2025-07-31T17:59:37
159.6614 51.6612 22.7990 5.0000 2025-07-31T17:52:52
158.5930 51.7806 35.0000 4.0000 2025-07-31T17:51:35
159.4064 51.2824 10.0000 4.2000 2025-07-31T17:18:48
157.4172 50.4377 35.0000 4.1000 2025-07-31T16:51:51
159.1702 52.1927 47.0590 4.3000 2025-07-31T16:48:51
159.0421 51.3143 37.1420 4.3000 2025-07-31T16:48:36
159.6286 51.4654 28.4660 5.1000 2025-07-31T16:40:59
159.3120 51.8115 24.3950 4.4000 2025-07-31T16:09:41
158.4115 49.9413 10.0000 4.3000 2025-07-31T16:02:22
160.8599 51.0765 10.0000 4.1000 2025-07-31T15:51:21
158.6765 50.9313 35.0000 4.4000 2025-07-31T15:35:02
159.2551 50.5498 10.0000 4.4000 2025-07-31T15:32:54
160.4263 52.3423 35.0000 4.3000 2025-07-31T15:30:47
159.8657 52.8287 35.0000 4.0000 2025-07-31T15:22:11
159.8887 51.6119 10.0000 4.6000 2025-07-31T15:05:10
160.0065 51.3884 10.0000 4.2000 2025-07-31T15:01:53
158.1706 50.3286 10.0000 4.3000 2025-07-31T14:48:15
160.9570 52.4269 10.0000 4.4000 2025-07-31T14:46:19
160.6470 52.1177 10.0000 4.7000 2025-07-31T14:37:29
159.8294 51.5870 10.0000 5.2000 2025-07-31T14:34:51
157.8674 50.7367 35.0000 4.5000 2025-07-31T14:32:35
159.7297 51.6419 10.0000 4.9000 2025-07-31T14:31:20
159.8305 51.7307 35.0000 5.2000 2025-07-31T14:29:25
159.7308 50.4242 10.0000 4.4000 2025-07-31T14:23:07
160.1874 52.2686 10.0000 4.7000 2025-07-31T14:09:05
159.6614 51.5978 35.0000 4.3000 2025-07-31T13:58:39
160.7212 52.5625 10.0000 4.3000 2025-07-31T13:56:57
159.4811 51.6577 44.8500 4.4000 2025-07-31T13:50:41
160.6254 52.3254 10.0000 5.4000 2025-07-31T13:39:07
156.7628 50.0802 41.9120 4.1000 2025-07-31T13:34:34
159.2589 50.3840 10.0000 4.4000 2025-07-31T13:33:36
158.5194 49.6283 10.0000 4.3000 2025-07-31T13:28:14
159.7547 50.1135 44.9500 4.4000 2025-07-31T13:21:53
157.9910 49.8638 10.0000 4.5000 2025-07-31T13:20:33
161.0875 51.9748 10.0000 4.2000 2025-07-31T13:17:00
160.5050 52.3776 10.0000 4.4000 2025-07-31T13:15:27
159.2207 50.3621 10.0000 4.4000 2025-07-31T13:14:36
158.4543 49.5190 10.0000 4.4000 2025-07-31T13:09:51
160.3720 51.8911 10.0000 4.5000 2025-07-31T13:07:23
157.6571 50.3116 30.8030 4.4000 2025-07-31T13:06:55
155.2050 48.2579 28.8910 5.2000 2025-07-31T13:01:13
159.8766 51.5075 11.9600 4.3000 2025-07-31T12:58:24
159.5939 51.6714 10.0000 4.3000 2025-07-31T12:56:10
157.2741 50.0822 30.0030 4.3000 2025-07-31T12:55:39
159.5968 51.4150 10.0000 4.2000 2025-07-31T12:53:54
159.3019 51.2616 10.0000 4.3000 2025-07-31T12:50:34
160.6606 51.6828 10.0000 4.3000 2025-07-31T12:49:50
159.5000 50.6982 10.0000 5.1000 2025-07-31T12:40:16
158.8548 51.2808 35.0000 4.6000 2025-07-31T12:32:14
157.6478 49.6716 22.2520 4.2000 2025-07-31T12:30:01
160.8781 52.5990 35.0000 4.1000 2025-07-31T12:22:44
160.8807 52.4746 19.2140 4.1000 2025-07-31T12:21:27
160.8602 52.4878 30.0640 4.1000 2025-07-31T12:18:25
160.5304 53.0919 41.9410 4.1000 2025-07-31T12:08:29
160.1440 51.6343 10.0000 4.3000 2025-07-31T12:06:52
156.7439 49.5558 43.1600 5.2000 2025-07-31T11:59:57
159.7703 50.3954 10.0000 4.1000 2025-07-31T11:52:33
160.0414 52.1980 33.3060 4.1000 2025-07-31T11:48:35
157.2437 50.4576 35.0000 4.6000 2025-07-31T11:46:00
159.5113 51.5321 20.7190 4.9000 2025-07-31T11:30:43
159.5243 51.5499 10.0000 4.8000 2025-07-31T11:25:30
157.7286 49.1729 10.0000 4.3000 2025-07-31T11:24:22
160.3180 52.0060 10.0000 4.1000 2025-07-31T11:23:29
157.7330 48.8154 10.0000 4.2000 2025-07-31T10:57:51
159.4698 51.1599 10.0000 4.1000 2025-07-31T10:44:49
158.5438 50.2685 10.0000 4.7000 2025-07-31T10:38:01
159.3566 51.5486 34.1610 4.6000 2025-07-31T10:37:51
159.9538 51.0705 10.0000 4.0000 2025-07-31T10:32:24
158.3914 50.2966 10.0000 4.1000 2025-07-31T10:22:51
161.3074 52.1464 10.0000 4.1000 2025-07-31T10:20:03
160.8827 52.7173 39.6170 4.2000 2025-07-31T10:09:20
158.4613 49.5590 10.0000 4.6000 2025-07-31T10:04:34
160.9790 52.5477 10.0000 4.0000 2025-07-31T09:56:49
157.5320 50.6811 35.0000 4.1000 2025-07-31T09:50:07
159.5088 49.8591 10.0000 4.2000 2025-07-31T09:40:59
160.9470 52.1093 10.0000 4.6000 2025-07-31T09:26:47
157.0641 49.9466 10.0000 4.2000 2025-07-31T09:26:10
160.3231 51.8397 36.3400 4.7000 2025-07-31T09:21:10
160.4567 52.0848 10.0000 4.9000 2025-07-31T09:20:55
161.8944 52.3332 10.0000 4.5000 2025-07-31T09:13:48
160.3445 51.8554 10.0000 5.2000 2025-07-31T09:10:54
159.4133 51.8394 35.0000 4.5000 2025-07-31T09:07:34
158.6172 50.5617 10.0000 4.5000 2025-07-31T09:05:09
158.8180 50.4731 10.0000 4.6000 2025-07-31T09:04:57
161.4144 52.1637 10.0000 4.0000 2025-07-31T09:00:05
160.8481 52.3267 32.8720 4.1000 2025-07-31T08:45:21
159.9106 50.9438 10.0000 4.1000 2025-07-31T08:44:43
159.4207 51.4325 35.0000 4.1000 2025-07-31T08:31:08
159.6365 51.9639 35.0000 4.1000 2025-07-31T08:15:14
158.7017 49.8616 10.0000 4.2000 2025-07-31T08:11:35
160.8437 51.8258 10.0000 4.4000 2025-07-31T07:49:48
158.3634 50.9353 39.4510 4.7000 2025-07-31T07:45:18
157.4706 49.8710 43.8710 5.5000 2025-07-31T07:42:42
158.6407 50.8477 10.0000 4.5000 2025-07-31T07:37:48
157.8451 49.2129 10.0000 4.3000 2025-07-31T07:29:48
158.4085 51.2199 35.0000 4.6000 2025-07-31T07:25:50
159.7905 50.4915 10.0000 4.6000 2025-07-31T07:24:21
157.8044 49.2208 10.0000 5.2000 2025-07-31T07:21:40
159.3697 51.7195 35.0000 4.6000 2025-07-31T07:17:07
158.1456 51.2586 49.0620 4.1000 2025-07-31T07:16:14
160.5619 52.3185 24.3400 4.3000 2025-07-31T07:06:28
158.7768 50.8650 34.1560 4.6000 2025-07-31T06:56:36
161.5303 52.3277 10.0000 4.4000 2025-07-31T06:54:36
156.4616 49.7989 36.9750 5.4000 2025-07-31T06:51:37
159.1082 50.9532 19.8590 4.3000 2025-07-31T06:48:28
159.5098 50.2853 10.0000 4.4000 2025-07-31T06:45:30
160.6326 52.5710 35.0000 4.0000 2025-07-31T06:44:43
157.6676 49.3543 10.0000 4.4000 2025-07-31T06:32:59
156.4150 49.2109 35.0000 4.1000 2025-07-31T06:30:38
159.8130 52.1523 39.0280 4.1000 2025-07-31T06:28:18
159.7691 51.3663 35.0000 4.2000 2025-07-31T06:17:19
160.6528 52.8133 35.0000 4.2000 2025-07-31T06:15:52
157.6286 50.1987 35.0000 4.2000 2025-07-31T06:13:49
159.6767 51.4563 35.0000 4.0000 2025-07-31T06:11:55
159.0291 49.6504 10.0000 4.3000 2025-07-31T06:09:34
159.3625 50.4276 10.0000 4.5000 2025-07-31T06:02:19
161.1066 52.8728 10.0000 5.0000 2025-07-31T06:00:17
159.9576 51.2300 10.0000 4.5000 2025-07-31T05:59:52
157.0068 49.8442 50.4930 4.4000 2025-07-31T05:54:22
157.5500 50.2380 35.0000 4.6000 2025-07-31T05:49:25
157.9498 50.2045 40.5420 4.3000 2025-07-31T05:47:20
161.0865 52.8668 10.0000 4.9000 2025-07-31T05:39:57
160.6055 52.6604 48.1520 5.6000 2025-07-31T05:31:25
158.6499 49.5000 15.0000 6.2000 2025-07-31T05:27:14
158.6701 50.1960 10.0000 4.5000 2025-07-31T05:24:56
159.9770 50.4997 10.0000 4.1000 2025-07-31T05:19:19
157.6586 50.1568 26.3960 4.5000 2025-07-31T05:13:56
160.5002 52.1417 33.8270 4.2000 2025-07-31T05:10:18
159.5658 50.7887 10.0000 4.2000 2025-07-31T05:07:37
160.7574 52.0239 10.0000 4.0000 2025-07-31T05:07:24
158.8605 50.7947 18.5990 4.9000 2025-07-31T05:03:22
158.9037 51.3455 42.0180 4.0000 2025-07-31T05:02:10
160.7829 52.3294 10.0000 4.5000 2025-07-31T04:53:53
159.4095 51.3285 10.0000 4.5000 2025-07-31T04:50:04
157.2466 50.2202 35.0000 4.2000 2025-07-31T04:36:49
157.6496 50.0285 10.0000 4.7000 2025-07-31T04:35:39
159.4420 51.1456 10.0000 4.4000 2025-07-31T04:34:13
159.3951 51.4375 10.0000 5.0000 2025-07-31T04:08:15
159.4919 51.4138 35.0000 4.8000 2025-07-31T04:07:05
156.7675 50.2784 35.0000 4.6000 2025-07-31T03:48:55
159.5006 51.3867 10.0000 4.5000 2025-07-31T03:47:23
158.5236 51.5969 35.0000 4.1000 2025-07-31T03:40:30
157.3583 48.5608 10.0000 4.5000 2025-07-31T03:36:05
161.0190 51.4159 10.0000 4.3000 2025-07-31T03:29:48
157.6954 50.6741 35.0000 4.5000 2025-07-31T03:27:39
159.1931 51.4040 10.0000 4.3000 2025-07-31T03:20:01
158.5078 51.2896 40.9680 4.2000 2025-07-31T03:17:22
160.4775 52.8834 10.0000 4.2000 2025-07-31T03:15:28
156.1015 48.8986 10.0000 4.7000 2025-07-31T03:13:17
159.8462 51.4159 10.0000 4.3000 2025-07-31T03:11:48
159.0487 51.0869 10.0000 4.2000 2025-07-31T03:05:09
158.8437 50.0896 10.0000 4.1000 2025-07-31T03:03:57
160.6649 52.7231 10.0000 4.7000 2025-07-31T03:01:49
160.9509 51.8762 10.0000 4.5000 2025-07-31T02:54:01
159.1596 51.8309 35.0000 4.7000 2025-07-31T02:45:25
158.3331 50.8934 10.0000 4.4000 2025-07-31T02:41:33
160.0855 51.7884 10.0000 5.3000 2025-07-31T02:38:03
160.5443 52.2964 10.0000 4.2000 2025-07-31T02:37:29
159.0480 51.2404 10.0000 4.4000 2025-07-31T02:18:40
161.0691 51.8876 10.0000 4.8000 2025-07-31T02:16:42
155.4731 49.6322 10.0000 4.2000 2025-07-31T02:11:55
156.5584 49.6092 35.0000 4.7000 2025-07-31T02:11:27
160.5809 51.9702 10.0000 4.0000 2025-07-31T02:10:53
156.4320 49.5224 35.0000 4.7000 2025-07-31T02:06:32
159.5367 50.3652 10.0000 4.2000 2025-07-31T01:57:59
157.8240 49.0173 10.0000 4.6000 2025-07-31T01:54:21
160.3305 51.5505 10.0000 4.2000 2025-07-31T01:46:16
161.4508 52.1567 10.0000 4.3000 2025-07-31T01:45:55
160.4702 52.3820 10.0000 4.3000 2025-07-31T01:43:30
159.4751 51.2567 10.0000 4.3000 2025-07-31T01:42:26
157.2624 49.9576 10.0000 4.3000 2025-07-31T01:36:40
159.5088 51.7021 35.0000 4.7000 2025-07-31T01:29:14
158.6013 51.0353 35.0000 4.6000 2025-07-31T01:28:00
160.3989 51.3626 10.0000 4.0000 2025-07-31T01:17:34
158.1070 49.9353 10.0000 4.3000 2025-07-31T01:16:46
159.0757 51.3415 10.0000 4.3000 2025-07-31T01:11:27
159.3382 51.0335 10.0000 4.0000 2025-07-31T01:11:04
159.0013 51.6248 10.0000 4.2000 2025-07-31T01:09:52
160.6075 52.2917 10.0000 4.2000 2025-07-31T01:09:14
160.7965 52.4633 10.0000 4.2000 2025-07-31T01:08:35
160.2141 52.4488 35.0000 4.4000 2025-07-31T01:02:35
159.3689 51.3484 10.0000 4.3000 2025-07-31T00:58:39
160.7493 52.4633 10.0000 4.4000 2025-07-31T00:57:49
159.6993 51.3487 21.3830 4.6000 2025-07-31T00:51:57
159.6948 51.5314 10.0000 4.8000 2025-07-31T00:46:06
157.8330 51.0052 35.0000 4.1000 2025-07-31T00:43:49
157.4589 48.6205 10.0000 4.5000 2025-07-31T00:37:56
158.6693 50.2440 10.0000 4.5000 2025-07-31T00:36:09
158.7095 50.2456 10.0000 4.5000 2025-07-31T00:33:09
159.4274 51.7623 35.0000 4.0000 2025-07-31T00:31:53
159.1235 51.6753 35.0000 4.2000 2025-07-31T00:27:13
159.2102 51.7541 35.0000 4.2000 2025-07-31T00:25:13
160.7731 52.3854 10.0000 4.4000 2025-07-31T00:23:18
160.6574 51.5882 10.0000 4.3000 2025-07-31T00:21:38
159.7668 51.1177 10.0000 4.4000 2025-07-31T00:17:56
160.9796 52.2013 10.0000 4.4000 2025-07-31T00:13:44
159.1619 51.1923 6.0430 5.0000 2025-07-31T00:12:18
157.9862 50.6683 29.1320 5.0000 2025-07-31T00:06:43
160.5661 52.2697 10.0000 4.6000 2025-07-30T23:54:13
158.8166 50.7997 26.6490 4.2000 2025-07-30T23:51:26
160.3738 52.1655 10.0000 4.9000 2025-07-30T23:49:11
158.1486 50.2982 10.0000 4.2000 2025-07-30T23:39:43
160.7605 51.1532 10.0000 4.3000 2025-07-30T23:35:57
159.9191 51.4360 26.4700 4.4000 2025-07-30T23:33:38
158.6141 50.9945 48.4630 4.3000 2025-07-30T23:31:04
160.7465 52.4163 10.0000 4.3000 2025-07-30T23:29:37
158.8552 51.5195 35.0000 4.6000 2025-07-30T23:28:10
158.2756 49.9828 10.0000 5.0000 2025-07-30T23:27:20
159.8419 51.5134 10.0000 4.6000 2025-07-30T23:23:11
158.2996 49.8937 10.0000 5.0000 2025-07-30T23:20:37
159.4998 51.5494 35.0000 5.0000 2025-07-30T23:17:20
160.7681 52.4118 10.0000 5.8000 2025-07-30T23:15:30
157.2811 49.7593 10.0000 4.4000 2025-07-30T23:08:15
160.6851 52.2952 24.7400 4.4000 2025-07-30T22:51:37
160.5016 52.1981 25.3660 5.1000 2025-07-30T22:48:20
158.4337 50.3119 10.0000 4.7000 2025-07-30T22:43:06
156.6862 49.2862 19.8980 4.6000 2025-07-30T22:39:36
159.0182 51.0905 32.4990 4.5000 2025-07-30T22:19:07
160.1627 52.2259 34.0180 4.4000 2025-07-30T22:17:33
159.6095 51.8128 35.0000 4.2000 2025-07-30T22:00:02
160.2948 52.7157 35.0000 5.1000 2025-07-30T21:52:20
160.2649 52.2321 17.0000 5.7000 2025-07-30T21:51:11
160.9980 52.4865 25.2890 5.1000 2025-07-30T21:50:36
156.2055 49.1492 35.0000 4.4000 2025-07-30T21:45:03
157.3473 49.9908 10.0000 5.2000 2025-07-30T21:32:33
158.6547 51.1013 36.9640 4.4000 2025-07-30T21:32:00
159.3872 51.3378 32.9990 4.7000 2025-07-30T21:27:47
158.7351 50.7971 28.4450 4.4000 2025-07-30T21:23:14
160.0971 52.0766 35.0000 4.5000 2025-07-30T21:19:27
157.5936 49.9086 24.8790 4.2000 2025-07-30T21:18:27
161.1360 51.9229 10.0000 4.6000 2025-07-30T21:17:07
157.5188 50.0368 33.6670 5.3000 2025-07-30T21:14:42
158.6625 49.4969 10.0000 5.6000 2025-07-30T21:13:01
159.3405 51.4632 35.0000 4.2000 2025-07-30T21:07:05
156.5478 50.7054 12.2340 4.7000 2025-07-30T20:59:15
157.2969 49.4452 28.4600 4.4000 2025-07-30T20:58:19
159.4145 50.1047 10.0000 4.6000 2025-07-30T20:56:18
156.3752 48.9197 10.0000 5.1000 2025-07-30T20:51:40
158.9095 50.6250 17.5990 4.8000 2025-07-30T20:46:07
160.1862 51.7892 39.5810 4.3000 2025-07-30T20:45:26
161.2612 53.0958 10.0000 4.1000 2025-07-30T20:41:26
160.9855 51.5092 10.0000 4.4000 2025-07-30T20:30:44
161.4418 52.1653 10.0000 5.0000 2025-07-30T20:24:53
159.5752 51.4032 26.9280 4.2000 2025-07-30T20:23:28
158.9338 51.3461 42.2510 4.2000 2025-07-30T20:17:54
160.4765 51.8928 10.0000 4.4000 2025-07-30T20:10:47
161.1368 52.8466 22.9180 4.8000 2025-07-30T20:03:17
159.7305 52.1538 38.2260 5.0000 2025-07-30T20:02:21
159.1394 50.9242 21.1790 4.3000 2025-07-30T19:58:54
160.4931 52.1436 26.6490 4.7000 2025-07-30T19:52:23
159.7874 51.6657 10.0000 5.2000 2025-07-30T19:49:07
157.0046 50.2590 35.0000 4.5000 2025-07-30T19:46:35
158.9547 51.3725 42.9450 4.4000 2025-07-30T19:37:53
159.2636 51.2307 10.0000 4.8000 2025-07-30T19:34:01
158.3396 51.8718 43.3910 4.4000 2025-07-30T19:28:48
159.4027 51.7540 35.0000 4.7000 2025-07-30T19:22:06
159.4764 51.3493 10.0000 4.6000 2025-07-30T19:20:54
158.7830 50.5549 10.0000 4.7000 2025-07-30T19:19:02
159.5998 51.6259 10.0000 4.9000 2025-07-30T19:17:52
159.0378 51.1350 35.0000 4.8000 2025-07-30T19:13:04
159.5839 51.3292 10.0000 4.9000 2025-07-30T19:10:05
159.6883 51.3983 10.0000 5.3000 2025-07-30T19:08:40
158.4461 50.2550 18.7560 4.7000 2025-07-30T19:07:09
159.8494 52.0672 35.0000 4.2000 2025-07-30T19:01:49
160.5939 52.2616 27.8050 4.5000 2025-07-30T18:58:12
160.7803 51.4083 10.0000 4.1000 2025-07-30T18:56:26
159.4324 50.2492 10.0000 4.5000 2025-07-30T18:44:54
160.3010 51.4523 10.0000 4.5000 2025-07-30T18:38:37
159.8055 50.7737 10.0000 4.5000 2025-07-30T18:37:39
160.5723 51.7720 10.0000 4.4000 2025-07-30T18:35:09
160.2423 52.3330 43.2430 4.6000 2025-07-30T18:34:24
156.4662 49.1775 35.0000 4.8000 2025-07-30T18:30:51
158.7660 50.4410 10.0000 4.7000 2025-07-30T18:29:20
159.7095 51.4902 25.6540 4.5000 2025-07-30T18:27:09
157.5735 50.2957 30.2110 4.5000 2025-07-30T18:24:27
158.3223 50.7677 29.6360 4.2000 2025-07-30T18:14:38
160.2686 52.0358 27.2320 4.6000 2025-07-30T18:11:28
159.7792 51.1380 10.0000 4.9000 2025-07-30T18:07:25
158.5587 51.1490 35.0000 5.2000 2025-07-30T18:05:37
158.9527 50.3222 28.1580 4.4000 2025-07-30T17:59:07
160.5322 52.2980 10.0000 4.9000 2025-07-30T17:55:51
160.0300 52.1490 34.6140 4.0000 2025-07-30T17:55:13
160.8152 52.5473 10.0000 4.1000 2025-07-30T17:51:36
157.7129 49.8415 25.1000 4.3000 2025-07-30T17:49:46
157.7946 49.5765 10.0000 4.8000 2025-07-30T17:46:44
161.5813 52.6177 10.0000 4.2000 2025-07-30T17:45:06
158.0148 49.9439 20.9710 4.8000 2025-07-30T17:40:52
159.3074 51.1777 35.0000 4.5000 2025-07-30T17:38:12
157.2101 50.6519 35.0000 4.2000 2025-07-30T17:37:36
160.2687 52.1256 36.3470 4.6000 2025-07-30T17:35:17
156.6867 49.9860 37.4940 5.3000 2025-07-30T17:31:38
159.2957 51.8196 46.1320 4.3000 2025-07-30T17:26:16
159.5689 51.4177 39.0350 5.2000 2025-07-30T17:20:32
160.7280 52.4831 10.0000 5.0000 2025-07-30T17:13:57
156.6480 49.4127 10.0000 4.4000 2025-07-30T17:11:52
157.4616 49.8856 36.2870 4.5000 2025-07-30T17:04:51
160.0768 51.6421 10.0000 4.7000 2025-07-30T17:04:39
157.2667 49.9809 35.0660 5.1000 2025-07-30T16:59:42
157.5715 49.8958 10.0000 5.6000 2025-07-30T16:57:34
157.3719 49.6348 35.0000 4.4000 2025-07-30T16:53:06
158.2839 51.0136 35.0000 4.5000 2025-07-30T16:49:49
159.7368 50.4224 10.0000 5.7000 2025-07-30T16:47:12
159.6915 53.0026 39.9050 4.4000 2025-07-30T16:43:31
160.2225 52.3794 35.0000 4.8000 2025-07-30T16:42:37
155.2219 50.1159 35.0000 4.5000 2025-07-30T16:41:25
159.1987 50.6226 10.0000 4.4000 2025-07-30T16:40:56
159.5821 51.3743 10.0000 4.2000 2025-07-30T16:28:53
158.3908 50.3809 10.0000 4.4000 2025-07-30T16:24:48
158.4049 50.9774 35.0000 4.8000 2025-07-30T16:23:12
161.4827 52.0922 10.0000 4.4000 2025-07-30T16:20:48
157.2746 49.6696 35.0000 6.0000 2025-07-30T16:07:46
159.9680 51.4713 28.0780 4.5000 2025-07-30T16:07:41
160.8378 51.8051 10.0000 5.2000 2025-07-30T16:01:12
160.2028 52.5570 35.0000 4.5000 2025-07-30T15:59:41
159.4171 51.4509 24.6480 4.7000 2025-07-30T15:48:11
161.8002 52.4346 10.0000 4.4000 2025-07-30T15:47:16
161.5163 52.4820 10.0000 4.4000 2025-07-30T15:47:03
161.5487 51.8308 10.0000 4.6000 2025-07-30T15:45:49
157.5526 49.7494 10.0000 4.9000 2025-07-30T15:44:19
160.7893 52.9538 10.0000 4.5000 2025-07-30T15:43:09
160.6594 51.6955 10.0000 4.5000 2025-07-30T15:41:08
158.7471 51.3574 27.7010 4.2000 2025-07-30T15:40:10
160.0520 50.6852 10.0000 4.3000 2025-07-30T15:38:15
155.6578 49.1206 35.0000 4.7000 2025-07-30T15:31:39
157.3568 49.9381 10.0000 4.2000 2025-07-30T15:28:10
158.7089 51.0919 35.0000 4.3000 2025-07-30T15:19:32
158.8749 51.0631 35.0000 5.2000 2025-07-30T15:17:02
160.1775 52.3289 38.7760 4.3000 2025-07-30T15:13:22
157.4213 50.2184 35.0000 4.5000 2025-07-30T15:11:45
160.7500 52.2349 23.4820 4.1000 2025-07-30T15:10:38
159.9132 50.6307 10.0000 4.0000 2025-07-30T15:08:14
158.9964 51.1882 45.7740 4.5000 2025-07-30T15:04:42
158.0856 50.3387 12.1870 5.2000 2025-07-30T15:00:42
160.2824 52.0488 35.0000 5.2000 2025-07-30T14:57:25
160.6506 52.4386 10.0000 4.4000 2025-07-30T14:56:54
159.4199 50.8439 10.0000 4.9000 2025-07-30T14:52:31
157.7699 50.0671 23.3090 5.9000 2025-07-30T14:47:43
156.2107 48.7738 10.0000 4.7000 2025-07-30T14:46:34
158.0763 52.2875 47.3650 4.2000 2025-07-30T14:42:29
160.6052 52.5217 28.3670 4.3000 2025-07-30T14:41:59
156.1798 48.9896 10.0000 5.2000 2025-07-30T14:35:41
157.2083 50.1142 35.0000 4.6000 2025-07-30T14:34:35
159.7448 51.4190 10.0000 4.9000 2025-07-30T14:29:56
159.6090 51.6342 30.2380 4.7000 2025-07-30T14:28:48
159.8501 51.2911 10.0000 4.5000 2025-07-30T14:26:11
158.7514 50.1129 10.0000 4.3000 2025-07-30T14:25:36
159.6258 51.5777 10.0000 5.0000 2025-07-30T14:24:05
159.1470 51.1304 31.4710 5.1000 2025-07-30T14:21:37
161.5490 52.7373 10.0000 4.2000 2025-07-30T14:19:30
159.8556 51.6696 10.0000 4.3000 2025-07-30T14:16:47
160.9531 52.6811 10.0000 4.3000 2025-07-30T14:15:47
160.5654 51.8879 10.0000 4.0000 2025-07-30T14:15:06
160.7737 52.2925 32.1380 4.6000 2025-07-30T14:08:46
159.3009 51.7371 10.0000 5.1000 2025-07-30T14:01:34
160.2758 52.3337 30.3060 5.1000 2025-07-30T14:00:21
157.2372 49.9298 34.6180 4.7000 2025-07-30T13:57:56
160.8605 52.8515 10.0000 4.1000 2025-07-30T13:57:54
161.5162 52.3165 10.0000 4.2000 2025-07-30T13:54:56
160.8020 52.5233 10.0000 4.5000 2025-07-30T13:52:02
158.3911 51.5411 35.3520 4.4000 2025-07-30T13:51:09
158.6814 50.8403 10.0000 4.3000 2025-07-30T13:47:51
160.2228 52.2023 31.8200 4.8000 2025-07-30T13:44:39
158.6277 51.4051 35.0000 4.4000 2025-07-30T13:38:47
161.1570 52.6478 10.0000 4.1000 2025-07-30T13:33:22
157.0102 50.3372 42.6200 4.7000 2025-07-30T13:29:10
159.1933 51.6947 30.0510 4.3000 2025-07-30T13:26:09
159.0490 51.3262 10.0000 4.4000 2025-07-30T13:19:29
159.2978 51.4392 10.0000 4.1000 2025-07-30T13:16:39
161.1593 52.5197 10.0000 4.0000 2025-07-30T13:15:42
159.9664 52.3058 37.4340 4.8000 2025-07-30T13:10:14
160.2333 52.5731 10.0000 4.6000 2025-07-30T13:07:18
160.2014 52.7024 25.0760 4.8000 2025-07-30T13:06:29
156.3518 49.9080 41.1380 4.7000 2025-07-30T13:04:21
160.7599 52.4792 10.0000 4.7000 2025-07-30T13:03:21
160.5133 52.1770 28.6370 4.9000 2025-07-30T13:02:22
158.2148 53.8028 10.0000 4.3000 2025-07-30T13:01:55
160.6764 52.4856 37.9120 4.3000 2025-07-30T12:59:27
159.4160 51.9130 35.1460 4.6000 2025-07-30T12:56:28
160.1839 51.8676 30.7100 4.3000 2025-07-30T12:55:30
160.3138 52.1052 10.0000 4.7000 2025-07-30T12:54:01
159.8899 52.9192 35.0000 4.3000 2025-07-30T12:48:39
157.5320 49.8985 35.0000 5.3000 2025-07-30T12:44:43
158.3374 50.2468 10.0000 4.4000 2025-07-30T12:43:03
158.0192 51.0697 35.0000 4.4000 2025-07-30T12:41:43
160.4813 52.0221 35.0000 4.2000 2025-07-30T12:41:14
160.6702 52.5755 35.6130 4.4000 2025-07-30T12:35:59
159.4426 51.5078 35.0000 4.9000 2025-07-30T12:33:05
159.1032 51.3410 10.0000 5.0000 2025-07-30T12:26:21
160.0054 52.3091 35.0000 4.2000 2025-07-30T12:25:12
159.5518 51.4402 21.4480 4.9000 2025-07-30T12:21:11
156.5101 49.1596 28.0850 4.9000 2025-07-30T12:19:13
160.3640 52.2522 10.0000 4.2000 2025-07-30T12:16:05
158.3035 50.4387 10.0000 4.3000 2025-07-30T12:14:59
156.7413 49.7220 35.0000 4.8000 2025-07-30T12:08:48
159.3804 51.7295 35.0000 4.3000 2025-07-30T12:06:24
159.0621 51.0430 18.6140 5.1000 2025-07-30T12:01:56
159.7399 51.7781 35.0000 4.7000 2025-07-30T12:01:10
158.5209 51.0085 26.6940 4.6000 2025-07-30T11:59:46
157.0971 49.8497 24.1640 4.3000 2025-07-30T11:55:19
160.5803 52.4067 10.0000 4.6000 2025-07-30T11:49:32
162.2210 52.2406 10.0000 4.3000 2025-07-30T11:45:52
160.4299 52.6480 35.0000 4.3000 2025-07-30T11:44:57
160.0252 51.5588 10.0000 4.4000 2025-07-30T11:42:48
158.2388 50.9032 35.0000 5.1000 2025-07-30T11:38:10
159.6404 51.5660 10.0000 5.1000 2025-07-30T11:26:37
161.0573 52.0097 10.0000 4.7000 2025-07-30T11:23:31
156.0534 48.9640 43.3970 5.0000 2025-07-30T11:23:26
159.7297 51.4621 26.3520 4.5000 2025-07-30T11:20:14
160.8335 52.2804 35.0000 4.3000 2025-07-30T11:19:42
159.3263 51.0052 35.0000 4.4000 2025-07-30T11:13:59
158.1906 50.4420 10.0000 4.7000 2025-07-30T11:10:45
159.3338 51.6609 37.4570 4.4000 2025-07-30T11:08:04
157.5322 49.5793 16.7600 4.5000 2025-07-30T11:06:58
157.8383 50.9330 31.2710 4.4000 2025-07-30T11:06:05
159.5550 51.4268 28.5820 4.4000 2025-07-30T11:05:09
157.5905 49.8529 32.5430 4.2000 2025-07-30T10:59:39
160.6807 52.4282 10.0000 4.6000 2025-07-30T10:57:38
158.5442 50.9309 10.0000 4.4000 2025-07-30T10:56:45
158.8756 50.3159 10.0000 4.9000 2025-07-30T10:54:00
160.4286 52.2073 44.1200 4.0000 2025-07-30T10:51:27
159.0636 51.6705 35.0000 4.3000 2025-07-30T10:46:58
160.3350 52.0022 35.0000 4.3000 2025-07-30T10:44:11
159.6584 51.3533 10.0000 4.9000 2025-07-30T10:40:50
159.8409 52.0813 47.9700 4.2000 2025-07-30T10:39:24
161.1627 52.1012 10.0000 4.4000 2025-07-30T10:38:26
158.9402 50.5767 10.0000 4.8000 2025-07-30T10:34:55
155.9025 48.8812 35.0000 4.6000 2025-07-30T10:33:07
159.9063 52.6618 39.2260 4.3000 2025-07-30T10:32:11
161.1930 52.2758 10.0000 4.2000 2025-07-30T10:27:46
160.9610 52.4535 28.6260 4.3000 2025-07-30T10:26:46
160.0455 51.5876 10.0000 4.4000 2025-07-30T10:24:50
160.7464 52.3390 19.6250 4.3000 2025-07-30T10:22:58
157.4111 50.9031 44.3470 4.3000 2025-07-30T10:21:58
160.5132 52.1154 21.7470 4.5000 2025-07-30T10:16:39
160.3660 52.3504 35.0000 5.1000 2025-07-30T10:13:04
160.6111 52.2299 10.0000 5.2000 2025-07-30T10:09:40
159.6768 51.3138 35.0000 5.4000 2025-07-30T09:57:27
160.0013 51.6041 10.4450 6.1000 2025-07-30T09:56:13
160.8089 52.2549 10.0000 4.4000 2025-07-30T09:54:30
161.0574 52.1346 13.1720 4.4000 2025-07-30T09:53:49
160.0237 52.3331 37.9050 4.7000 2025-07-30T09:52:40
160.8410 52.2109 10.0000 4.7000 2025-07-30T09:52:17
160.7119 52.1538 27.0220 4.6000 2025-07-30T09:50:51
159.4940 51.1714 10.0000 4.9000 2025-07-30T09:49:45
158.2490 50.9933 35.0000 4.5000 2025-07-30T09:48:04
161.6361 52.3877 10.0000 4.5000 2025-07-30T09:45:13
157.6116 50.1512 35.0000 4.3000 2025-07-30T09:44:48
159.6064 51.7276 35.0000 4.4000 2025-07-30T09:41:06
159.3584 51.9508 47.6500 4.4000 2025-07-30T09:40:05
156.6007 49.7696 35.0000 4.5000 2025-07-30T09:39:05
160.1260 52.2630 32.1030 4.4000 2025-07-30T09:36:40
160.3283 52.6033 34.4110 4.4000 2025-07-30T09:36:16
160.4985 51.8288 10.0000 4.6000 2025-07-30T09:33:30
160.4163 51.8491 19.9540 4.5000 2025-07-30T09:31:20
157.3479 50.5441 35.0000 4.3000 2025-07-30T09:30:44
159.4387 51.3730 10.0000 4.4000 2025-07-30T09:29:42
159.8877 51.6804 33.7480 4.3000 2025-07-30T09:29:20
160.1100 51.6576 35.0000 4.3000 2025-07-30T09:29:11
158.2431 51.4931 32.5840 4.6000 2025-07-30T09:26:18
160.3074 51.7803 10.0000 4.5000 2025-07-30T09:24:22
159.1921 51.1324 29.3920 4.4000 2025-07-30T09:21:10
160.4705 52.3361 42.5060 4.1000 2025-07-30T09:20:46
158.3431 51.4088 18.8770 4.3000 2025-07-30T09:18:43
159.2897 51.1493 10.0000 5.3000 2025-07-30T09:12:29
159.3177 50.9991 10.0000 4.5000 2025-07-30T09:12:21
157.7339 49.8707 10.0000 4.8000 2025-07-30T09:11:14
160.9417 52.6104 22.8150 4.9000 2025-07-30T09:10:11
158.1232 50.3851 24.9340 4.6000 2025-07-30T09:03:50
159.4736 51.5556 35.0000 4.6000 2025-07-30T09:03:03
157.3196 50.3229 35.0000 4.9000 2025-07-30T09:01:49
158.9758 50.9796 26.5930 4.2000 2025-07-30T09:00:52
159.9883 52.0687 10.0000 4.9000 2025-07-30T08:55:29
159.0694 51.1329 10.0000 4.8000 2025-07-30T08:55:08
160.7673 52.3976 10.0000 5.0000 2025-07-30T08:53:05
160.8273 52.5031 10.0000 5.1000 2025-07-30T08:47:49
160.2637 50.5404 10.0000 4.3000 2025-07-30T08:37:16
156.1093 48.9678 10.0000 4.6000 2025-07-30T08:35:30
159.3391 51.5041 38.2950 4.5000 2025-07-30T08:35:01
159.8280 51.4405 10.0000 4.8000 2025-07-30T08:32:52
160.6683 52.5168 10.0000 4.4000 2025-07-30T08:30:51
158.9883 51.3451 35.0000 4.5000 2025-07-30T08:29:24
160.1481 51.7520 10.0000 4.2000 2025-07-30T08:28:23
160.4842 52.4647 10.0000 4.4000 2025-07-30T08:27:02
159.6950 51.6484 35.0000 4.3000 2025-07-30T08:25:24
159.5178 51.7686 10.0000 4.6000 2025-07-30T08:24:10
159.3946 51.6326 10.0000 4.6000 2025-07-30T08:23:28
159.4812 51.1354 10.0000 4.6000 2025-07-30T08:21:53
157.7630 50.1315 26.3550 4.6000 2025-07-30T08:20:44
157.5620 49.9338 10.0000 4.8000 2025-07-30T08:19:08
159.5556 52.1986 48.6590 4.2000 2025-07-30T08:14:10
158.6437 51.4034 49.2570 4.2000 2025-07-30T08:13:00
160.4888 52.3704 10.0000 4.2000 2025-07-30T08:09:30
159.3992 51.6429 10.0000 4.3000 2025-07-30T08:08:48
158.9046 49.8000 10.0000 4.4000 2025-07-30T08:08:08
158.5127 50.7670 37.5110 4.1000 2025-07-30T08:05:00
159.6997 51.4181 10.0000 5.3000 2025-07-30T07:58:21
160.3343 51.6197 10.0000 4.8000 2025-07-30T07:48:53
156.8116 48.1020 10.0000 4.5000 2025-07-30T07:47:43
160.8381 52.3793 10.0000 4.5000 2025-07-30T07:46:48
160.7368 52.2962 10.0000 5.1000 2025-07-30T07:45:04
156.7199 50.0134 35.0000 4.7000 2025-07-30T07:42:26
158.0179 51.4756 42.3480 4.6000 2025-07-30T07:39:52
156.3010 48.8612 10.0000 5.6000 2025-07-30T07:34:42
158.3890 51.0231 35.0000 4.7000 2025-07-30T07:34:07
160.5938 51.9723 10.0000 4.5000 2025-07-30T07:33:09
161.0989 52.0917 10.0000 4.2000 2025-07-30T07:32:17
158.2866 50.7248 35.0000 4.3000 2025-07-30T07:28:39
159.7347 51.3184 10.0000 4.5000 2025-07-30T07:20:35
159.6447 51.4111 10.0000 4.9000 2025-07-30T07:17:48
158.7285 51.3993 18.8340 5.0000 2025-07-30T07:15:29
157.1007 50.2564 39.8660 4.3000 2025-07-30T07:13:46
159.5101 51.7165 10.0000 4.4000 2025-07-30T07:11:36
159.7239 51.3084 10.0000 4.4000 2025-07-30T07:08:47
160.3335 52.1470 29.3860 4.5000 2025-07-30T07:02:52
156.1011 49.0097 30.2990 4.5000 2025-07-30T07:00:37
160.1171 51.3310 10.0000 4.6000 2025-07-30T07:00:16
160.3558 52.2029 10.0000 5.0000 2025-07-30T06:57:34
156.2578 49.0812 10.0000 4.7000 2025-07-30T06:55:49
159.9053 51.6830 29.4800 4.6000 2025-07-30T06:53:47
159.6289 50.7164 10.0000 4.6000 2025-07-30T06:52:45
160.1341 52.1431 10.0000 4.2000 2025-07-30T06:49:05
158.9781 51.2507 35.0000 4.4000 2025-07-30T06:41:58
160.9779 52.4082 10.0000 4.7000 2025-07-30T06:39:16
157.8615 50.9755 35.0000 5.0000 2025-07-30T06:37:40
160.4213 52.0546 10.0000 4.7000 2025-07-30T06:36:26
159.3740 50.9878 10.0000 4.7000 2025-07-30T06:33:32
158.9506 51.3402 34.7680 4.4000 2025-07-30T06:32:02
160.8662 52.7639 10.0000 4.5000 2025-07-30T06:29:58
158.4460 51.0438 43.2610 4.8000 2025-07-30T06:27:50
159.6566 51.5020 10.0000 5.2000 2025-07-30T06:26:10
159.5190 51.4757 10.0000 5.3000 2025-07-30T06:21:29
158.2602 51.0843 35.0000 4.3000 2025-07-30T06:20:44
160.2713 52.3124 10.0000 4.4000 2025-07-30T06:19:41
157.9778 50.9300 42.6270 4.2000 2025-07-30T06:15:49
160.3121 52.3340 13.4220 4.7000 2025-07-30T06:13:00
160.8620 52.5061 10.0000 4.2000 2025-07-30T06:11:57
160.7992 52.2369 10.0000 4.3000 2025-07-30T06:10:56
158.9278 51.0846 35.2600 4.2000 2025-07-30T06:08:16
158.8990 51.2127 32.8290 4.3000 2025-07-30T06:06:21
158.4987 51.2325 35.0000 4.2000 2025-07-30T06:05:08
157.2160 50.1210 33.2120 4.2000 2025-07-30T06:04:28
159.0909 51.5614 35.0000 4.1000 2025-07-30T06:02:08
158.5559 50.1684 10.0000 4.4000 2025-07-30T06:00:47
160.2155 51.9802 10.0000 4.5000 2025-07-30T05:58:27
159.5543 52.2899 35.0000 4.8000 2025-07-30T05:56:43
159.4455 51.4789 10.0000 4.7000 2025-07-30T05:54:50
159.6915 51.5004 10.0000 4.9000 2025-07-30T05:51:43
159.2193 50.9945 10.0000 4.5000 2025-07-30T05:49:16
160.3935 51.9883 10.0000 4.3000 2025-07-30T05:48:54
160.7750 52.8770 20.1900 4.2000 2025-07-30T05:46:48
160.0687 53.1638 43.6960 4.2000 2025-07-30T05:44:33
160.2752 52.3518 33.3440 4.4000 2025-07-30T05:43:51
159.2403 51.9186 17.2750 4.5000 2025-07-30T05:42:27
160.4373 51.8382 10.0000 4.7000 2025-07-30T05:40:57
159.0006 50.4496 10.0000 4.7000 2025-07-30T05:40:02
158.9274 50.8559 10.0000 4.7000 2025-07-30T05:38:32
158.7914 51.2910 35.9870 5.3000 2025-07-30T05:37:11
160.8164 52.5815 10.0000 4.6000 2025-07-30T05:32:47
159.6812 51.3760 10.0000 5.4000 2025-07-30T05:30:21
159.7868 51.1875 10.0000 4.4000 2025-07-30T05:29:29
160.8111 52.4476 10.0000 4.4000 2025-07-30T05:28:55
159.6402 51.2367 10.0000 4.6000 2025-07-30T05:23:30
159.8356 51.5352 10.0000 4.6000 2025-07-30T05:22:56
158.7086 51.5628 35.0000 4.8000 2025-07-30T05:20:36
158.7366 51.4188 10.0000 5.4000 2025-07-30T05:19:31
158.7659 50.8384 10.0000 4.5000 2025-07-30T05:19:13
160.3460 52.5009 35.0000 5.2000 2025-07-30T05:17:54
159.5999 51.8140 10.0000 4.5000 2025-07-30T05:14:52
159.9783 51.0576 10.0000 5.0000 2025-07-30T05:12:01
157.3502 50.2127 45.3680 4.6000 2025-07-30T05:11:50
157.3962 50.0903 10.0000 5.3000 2025-07-30T05:09:02
157.9712 50.7225 35.0000 4.8000 2025-07-30T05:07:44
159.3155 51.3683 35.0000 4.9000 2025-07-30T05:06:38
159.6254 51.2578 10.0000 4.5000 2025-07-30T05:04:22
160.1375 51.8831 10.0000 5.0000 2025-07-30T04:59:33
158.9410 51.0980 34.6610 4.8000 2025-07-30T04:56:41
159.9705 51.4833 10.0000 5.3000 2025-07-30T04:54:18
160.8792 52.6102 35.0000 4.6000 2025-07-30T04:53:41
158.0622 50.6179 30.8110 4.4000 2025-07-30T04:52:27
160.4659 52.1584 10.0000 4.5000 2025-07-30T04:51:27
158.2101 51.1203 46.9100 4.9000 2025-07-30T04:49:51
159.1432 51.6310 35.0000 5.0000 2025-07-30T04:48:13
156.9729 49.3466 10.0000 4.4000 2025-07-30T04:46:31
160.2105 52.4316 34.2650 4.5000 2025-07-30T04:43:20
158.3323 50.2840 10.0000 4.8000 2025-07-30T04:42:38
158.6892 49.2759 10.0000 4.4000 2025-07-30T04:41:59
158.2957 50.9796 35.0000 4.4000 2025-07-30T04:40:14
159.7298 52.2784 35.0000 4.5000 2025-07-30T04:39:29
159.8127 51.1370 10.0000 4.7000 2025-07-30T04:35:33
160.3469 52.2352 35.0000 4.5000 2025-07-30T04:32:57
158.9383 50.9761 10.0000 4.4000 2025-07-30T04:32:06
161.2101 51.4587 10.0000 4.7000 2025-07-30T04:31:34
157.9433 50.1538 10.0000 5.2000 2025-07-30T04:29:45
158.7706 51.0086 37.5970 5.0000 2025-07-30T04:27:15
156.5319 49.3297 35.0000 5.6000 2025-07-30T04:25:14
159.3701 51.6515 10.0000 4.9000 2025-07-30T04:24:22
158.1903 51.5999 38.5680 4.9000 2025-07-30T04:22:22
157.2531 50.1601 35.0000 4.7000 2025-07-30T04:21:02
160.0144 51.5145 10.0000 4.6000 2025-07-30T04:17:47
158.0272 50.2153 10.0000 5.1000 2025-07-30T04:16:45
159.9407 52.2192 35.0000 4.6000 2025-07-30T04:15:39
158.4395 51.3058 45.7090 4.5000 2025-07-30T04:13:43
158.8265 51.0239 35.0000 4.9000 2025-07-30T04:11:58
158.1973 51.0980 45.8390 4.4000 2025-07-30T04:09:37
161.0820 51.6771 10.0000 4.8000 2025-07-30T04:06:29
159.0953 51.4551 35.8650 4.7000 2025-07-30T04:05:58
160.7237 52.4970 10.0000 5.4000 2025-07-30T04:03:44
160.0947 51.1853 10.0000 4.2000 2025-07-30T04:01:07
156.9310 51.3628 10.0000 4.5000 2025-07-30T04:00:16
158.1625 50.2924 10.0000 5.1000 2025-07-30T03:57:14
157.0665 49.9700 35.0000 4.4000 2025-07-30T03:55:03
158.3403 50.4294 10.0000 4.6000 2025-07-30T03:53:13
160.4161 52.1293 10.0000 4.5000 2025-07-30T03:49:17
159.3719 51.7872 35.0000 4.2000 2025-07-30T03:46:51
157.7594 50.4798 45.2190 4.5000 2025-07-30T03:45:56
156.0573 49.1808 35.0000 4.8000 2025-07-30T03:43:34
160.2710 51.5665 10.0000 4.5000 2025-07-30T03:43:14
159.2380 51.2532 28.8540 4.5000 2025-07-30T03:42:38
157.6929 50.5943 35.1220 4.3000 2025-07-30T03:41:42
160.3900 52.3254 10.0000 4.4000 2025-07-30T03:40:35
159.5294 51.6417 35.0000 4.8000 2025-07-30T03:38:18
158.1262 50.1652 10.0000 4.7000 2025-07-30T03:37:30
160.5380 51.8830 10.0000 4.9000 2025-07-30T03:34:59
159.8164 51.5043 10.0000 4.9000 2025-07-30T03:31:50
159.1797 51.8385 35.0000 5.5000 2025-07-30T03:25:54
160.2154 52.2197 46.1880 4.5000 2025-07-30T03:25:41
159.0797 50.8553 35.0000 5.0000 2025-07-30T03:22:52
157.3207 49.6826 10.0000 5.4000 2025-07-30T03:19:25
160.8644 52.7151 10.0000 5.3000 2025-07-30T03:16:28
160.8815 52.8756 24.9490 5.5000 2025-07-30T03:13:56
159.3090 51.7321 35.0000 5.5000 2025-07-30T03:13:25
159.4949 51.1902 10.0000 5.2000 2025-07-30T03:12:25
160.9578 52.8384 27.9500 5.3000 2025-07-30T03:11:22
160.6137 52.5349 10.0000 4.4000 2025-07-30T03:10:34
159.5427 53.0811 35.0000 4.9000 2025-07-30T03:07:55
158.1246 50.9809 35.0000 4.3000 2025-07-30T03:06:39
158.8419 50.8059 19.7320 4.3000 2025-07-30T03:06:01
159.4718 51.5092 10.0000 4.4000 2025-07-30T03:02:45
158.0693 50.3980 21.9410 4.6000 2025-07-30T03:01:22
159.5179 51.6973 35.0000 4.9000 2025-07-30T02:59:32
160.2624 52.3296 35.0000 4.4000 2025-07-30T02:56:05
161.3435 52.2064 10.0000 5.1000 2025-07-30T02:53:15
158.9044 51.6283 35.0000 4.2000 2025-07-30T02:50:27
157.2242 49.9492 28.6460 4.5000 2025-07-30T02:45:56
157.6924 51.7982 10.0000 4.5000 2025-07-30T02:45:08
157.1683 49.2196 10.0000 5.2000 2025-07-30T02:42:46
156.6202 49.4212 10.0000 4.7000 2025-07-30T02:41:47
159.3450 51.0898 10.0000 4.9000 2025-07-30T02:39:57
159.5352 51.8194 35.0000 4.8000 2025-07-30T02:39:40
159.6189 52.2343 35.3740 4.9000 2025-07-30T02:38:20
157.9922 49.8435 10.0000 4.8000 2025-07-30T02:35:36
159.6807 51.1059 10.0000 4.9000 2025-07-30T02:34:24
157.4403 49.8278 10.0000 5.3000 2025-07-30T02:32:56
157.4441 50.6541 37.5200 5.9000 2025-07-30T02:30:40
162.0791 52.1134 10.0000 5.7000 2025-07-30T02:27:30
159.2382 52.0961 35.0000 5.0000 2025-07-30T02:25:08
159.2461 51.4984 35.0000 5.2000 2025-07-30T02:24:45
160.6391 52.7758 29.6060 4.8000 2025-07-30T02:23:23
159.1609 51.7012 42.0580 4.9000 2025-07-30T02:22:34
160.9005 52.9130 10.0000 5.0000 2025-07-30T02:19:53
157.7638 50.5746 10.0000 4.9000 2025-07-30T02:18:29
159.8143 52.2925 35.0000 4.2000 2025-07-30T02:16:23
158.6285 50.9478 32.5310 4.2000 2025-07-30T02:14:56
159.2047 50.9759 35.0000 4.6000 2025-07-30T02:13:23
158.9000 51.3202 35.0000 4.8000 2025-07-30T02:12:16
157.9071 50.6190 35.0000 4.4000 2025-07-30T02:10:37
158.5559 50.8759 35.0000 4.2000 2025-07-30T02:09:19
157.6078 50.1030 35.1150 4.4000 2025-07-30T02:08:38
157.3539 49.8017 22.7140 5.3000 2025-07-30T02:05:48
160.5416 52.1106 10.0000 5.0000 2025-07-30T02:05:09
159.7504 52.3363 37.2800 4.4000 2025-07-30T02:04:46
158.4100 50.2371 10.0000 4.4000 2025-07-30T02:03:41
158.4075 50.9898 35.0000 4.9000 2025-07-30T02:01:08
160.5727 52.4912 10.0000 4.5000 2025-07-30T01:59:24
160.5181 50.9224 10.0000 4.5000 2025-07-30T01:57:01
160.4571 52.1570 10.0000 4.6000 2025-07-30T01:55:37
159.3075 51.6833 35.0000 5.3000 2025-07-30T01:52:11
159.0552 50.7660 10.0000 4.6000 2025-07-30T01:50:58
157.4751 50.5753 35.0000 4.7000 2025-07-30T01:49:58
160.0372 52.1663 10.0000 5.1000 2025-07-30T01:48:15
157.2929 50.1868 35.0000 5.5000 2025-07-30T01:46:52
160.5930 51.9929 10.0000 5.4000 2025-07-30T01:40:04
158.3088 51.0169 35.0000 5.6000 2025-07-30T01:38:16
160.5955 52.2850 10.0000 4.9000 2025-07-30T01:37:31
159.4824 51.3465 36.2300 4.5000 2025-07-30T01:37:08
158.8091 51.8021 26.9560 4.5000 2025-07-30T01:35:18
157.8554 50.4604 30.2880 4.8000 2025-07-30T01:33:19
158.8957 51.1809 43.2130 4.4000 2025-07-30T01:32:16
160.0639 52.3181 35.0000 4.4000 2025-07-30T01:31:07
159.5587 51.6098 23.5600 5.0000 2025-07-30T01:29:33
158.9139 51.8040 35.0000 4.5000 2025-07-30T01:28:35
160.2949 53.4962 10.0000 4.6000 2025-07-30T01:27:09
158.3248 50.9466 42.9790 4.4000 2025-07-30T01:24:58
159.3432 51.6531 35.0000 5.1000 2025-07-30T01:22:03
158.0752 52.2594 10.0000 5.3000 2025-07-30T01:21:09
160.5659 52.5706 10.0000 5.4000 2025-07-30T01:20:35
160.1565 52.6369 35.0000 4.4000 2025-07-30T01:19:41
157.4450 50.1777 27.1390 4.7000 2025-07-30T01:18:47
159.5434 51.4337 10.0000 5.1000 2025-07-30T01:16:40
157.9756 50.5956 35.0000 4.8000 2025-07-30T01:15:17
155.9504 49.2559 35.0000 4.7000 2025-07-30T01:14:49
157.4975 50.5721 35.0000 4.7000 2025-07-30T01:13:56
158.7160 51.0629 35.0000 5.0000 2025-07-30T01:12:50
160.0971 52.3380 35.0000 5.3000 2025-07-30T01:11:30
159.6171 52.0620 35.0000 5.0000 2025-07-30T01:09:32
157.1493 50.7446 50.5730 5.2000 2025-07-30T01:07:01
160.0652 52.3284 32.1120 5.0000 2025-07-30T01:06:14
158.5719 51.1774 46.0830 5.1000 2025-07-30T01:05:36
158.8083 51.6577 35.0000 5.7000 2025-07-30T01:03:22
159.5148 51.7340 35.0000 5.0000 2025-07-30T01:02:11
159.6648 51.4017 19.5910 5.0000 2025-07-30T01:01:29
159.8996 51.5850 10.0000 5.7000 2025-07-30T00:58:38
159.4382 51.5818 35.0000 4.7000 2025-07-30T00:57:32
159.1846 51.5583 38.8130 5.1000 2025-07-30T00:55:02
160.2341 52.5660 35.0000 5.3000 2025-07-30T00:51:59
161.3322 51.9332 10.0000 5.1000 2025-07-30T00:50:09
159.0146 51.7491 35.0000 5.1000 2025-07-30T00:49:15
159.2399 51.9108 35.0000 5.2000 2025-07-30T00:48:18
158.0584 50.7638 35.0000 4.7000 2025-07-30T00:46:09
159.1092 51.4871 35.0000 5.2000 2025-07-30T00:41:29
158.8994 51.7073 35.0000 4.6000 2025-07-30T00:39:13
159.5402 50.9075 10.0000 4.5000 2025-07-30T00:38:18
159.2550 51.9131 35.0000 5.7000 2025-07-30T00:35:26
157.9077 52.5274 10.0000 4.8000 2025-07-30T00:34:40
158.8515 51.2110 35.0000 4.6000 2025-07-30T00:33:47
160.1487 52.3338 35.0000 5.4000 2025-07-30T00:31:15
158.2404 52.3363 10.6360 4.7000 2025-07-30T00:30:57
158.4846 51.0322 35.0000 5.0000 2025-07-30T00:28:13
160.2184 51.8231 10.0000 5.0000 2025-07-30T00:27:44
158.4725 51.2842 35.0000 4.5000 2025-07-30T00:27:25
158.6593 50.9849 35.0000 5.4000 2025-07-30T00:26:05
159.8921 52.2812 35.0000 4.7000 2025-07-30T00:25:24
159.5442 51.8385 35.0000 5.2000 2025-07-30T00:24:10
158.5045 51.0064 35.0000 5.3000 2025-07-30T00:23:54
159.2701 52.6654 43.9810 4.8000 2025-07-30T00:23:19
157.5188 50.4486 35.0000 5.0000 2025-07-30T00:22:38
159.6920 52.1048 35.0000 6.2000 2025-07-30T00:16:06
159.7633 52.1516 35.0000 5.2000 2025-07-30T00:15:56
159.8227 51.7857 25.6810 5.8000 2025-07-30T00:12:20
159.8008 52.1946 36.6220 6.9000 2025-07-30T00:09:58
159.5076 51.6796 35.0000 5.0000 2025-07-30T00:09:32
159.2254 51.6403 35.0000 5.2000 2025-07-30T00:08:39
159.5625 51.9301 35.0000 5.1000 2025-07-30T00:07:34
159.3025 51.4077 35.0000 4.7000 2025-07-30T00:06:51
159.0030 52.5004 45.9180 4.9000 2025-07-30T00:06:25
160.0392 52.0603 10.0000 5.2000 2025-07-30T00:04:47
159.8402 51.3443 10.0000 4.7000 2025-07-30T00:01:26
157.3640 50.3027 35.0000 5.2000 2025-07-30T00:01:04
158.3695 50.1538 15.2840 4.9000 2025-07-29T23:59:33
159.5784 51.5480 10.0000 4.6000 2025-07-29T23:58:56
156.4018 49.1548 27.6180 5.1000 2025-07-29T23:57:58
158.7836 50.8049 10.0000 5.7000 2025-07-29T23:54:58
159.1169 50.4763 10.0000 5.2000 2025-07-29T23:54:34
159.4668 51.3940 35.0000 4.5000 2025-07-29T23:52:45
158.3042 50.7772 38.7040 5.0000 2025-07-29T23:51:55
160.2137 51.1330 10.0000 4.9000 2025-07-29T23:51:25
158.2852 51.4327 35.0000 5.4000 2025-07-29T23:50:21
160.2382 52.6478 35.0000 5.4000 2025-07-29T23:49:16
159.2493 53.3099 19.1490 5.1000 2025-07-29T23:49:01
160.1586 51.7599 10.0000 5.6000 2025-07-29T23:48:17
156.1591 49.4264 35.0000 5.7000 2025-07-29T23:46:37
160.1908 51.8275 10.0000 5.0000 2025-07-29T23:45:54
159.6054 51.6288 10.0000 5.4000 2025-07-29T23:45:28
157.7211 50.8173 39.4610 5.4000 2025-07-29T23:44:54
159.1555 51.5974 35.0000 5.2000 2025-07-29T23:43:03
156.5191 49.2988 10.0000 5.7000 2025-07-29T23:40:27
159.0547 51.0614 10.0000 5.8000 2025-07-29T23:38:56
159.5397 52.3144 35.0000 5.7000 2025-07-29T23:38:28
159.1260 51.5092 35.0000 6.0000 2025-07-29T23:37:34
158.2503 51.7541 35.0000 6.0000 2025-07-29T23:36:01
159.1210 51.8593 35.0000 5.9000 2025-07-29T23:34:53
160.4312 53.6650 42.7340 5.9000 2025-07-29T23:31:25
159.5787 52.6498 25.4230 6.1000 2025-07-29T23:30:44
159.7031 52.5195 16.3750 6.3000 2025-07-29T23:30:03
