-68.3158 -22.4599
-68.3022 -21.2889
-68.6317 -21.9287
-68.7369 -21.8911
-68.7025 -22.5573
-68.6403 -22.9612
-68.6079 -21.5986
-68.1759 -23.3988
-68.5914 -21.4868
-68.9083 -22.8716
-68.4578 -21.6527
-68.7776 -22.4697
-68.2821 -21.8403
-68.9668 -22.7050
-68.4430 -21.7513
-68.8977 -22.3141
-68.6663 -21.3526
-67.9244 -23.8147
-68.6763 -21.7953
-69.2548 -24.1843
-68.4812 -21.8687
-68.4790 -21.9443
-68.7227 -22.0675
-68.3591 -23.2410
-68.6568 -22.0791
-68.7011 -22.5408
-68.3443 -21.3768
-68.5215 -23.0303
-68.9993 -21.4461
-68.6805 -21.9237
-68.3234 -22.5036
-68.3168 -21.6424
-68.4412 -21.6423
-68.4288 -21.4594
-68.9366 -21.7787
-68.8896 -22.5609
-68.5895 -21.6453
-68.6709 -22.4806
-68.5614 -21.5458
-68.2440 -24.8759
-68.0426 -23.5957
-68.7624 -22.4356
-68.9877 -23.8484
-68.4220 -21.6317
-68.5518 -21.5802
-68.6709 -22.5238
-68.2091 -22.8343
-68.4961 -22.3019
-68.6058 -22.1972
-68.6531 -22.2073
-68.4059 -21.7165
-67.9975 -23.8145
-68.4170 -21.5641
-68.0994 -22.8753
-69.1590 -22.6246
-68.7329 -22.0823
-68.6452 -21.7931
-68.4430 -21.8070
-68.7552 -22.2009
-68.6463 -22.1872
-67.7423 -24.7895
-68.1246 -22.8576
-68.6105 -21.8181
-68.3288 -21.4900
-68.8772 -21.4626
-68.6210 -21.4324
-68.1134 -23.2722
-68.2617 -23.0294
-68.8046 -21.7533
-67.8480 -21.4144
-69.0276 -21.3366
-68.8354 -21.4428
-68.4252 -21.9263
-68.9886 -22.8815
-69.1374 -23.1387
-68.3736 -21.7461
-68.6679 -21.9416
-68.8542 -22.7972
-68.7116 -21.9602
-68.2745 -23.3025
-68.7362 -21.8592
-68.0993 -23.0784
-68.7576 -22.0720
-67.7221 -24.5799
-68.6761 -21.7967
-68.5212 -22.8120
-68.5199 -22.4891
-68.0960 -24.1920
-68.6281 -21.8343
-68.6403 -21.9424
-68.5637 -21.6197
-68.4759 -21.8635
-68.5404 -21.2897
-68.6524 -22.2624
-68.5398 -21.8934
-68.2694 -21.7376
-68.4114 -21.5556
-68.1560 -21.4094
-68.4979 -21.5455
-67.9700 -22.5406
-68.6285 -22.1933
-68.6843 -21.9970
-69.0353 -22.3324
-68.7171 -22.1793
-68.4206 -22.8534
-68.0048 -21.4860
-68.5827 -21.9483
