# P waves
1 1.765365 0.611665 -1.000000
2 1.939256 0.626091 -1.000000
3 1.945101 0.597480 1.000000
4 2.247675 0.589154 0.000000
5 2.324484 0.569406 -1.000000
6 1.704559 0.617243 -1.000000
7 1.968002 0.579662 0.000000
8 2.452097 0.234322 1.000000
9 2.818428 0.145581 0.000000
10 1.343348 0.515205 -2.000000
11 0.784697 0.754065 -1.000000
12 1.336265 0.760020 0.000000
13 1.133446 0.744147 -1.000000
14 0.999824 0.743769 -1.000000
15 1.286339 0.775489 0.000000
16 0.978450 0.785927 -1.000000
17 1.402252 0.761270 0.000000
18 0.682340 0.564969 -1.000000
19 1.420727 0.477562 -2.000000
20 1.037225 0.573116 -1.000000
21 0.829228 0.614629 0.000000
22 1.239307 0.682475 -1.000000
23 3.208750 0.588145 0.000000
24 1.002877 0.744433 -1.000000
25 1.104528 0.707424 -2.000000
26 1.560852 0.719955 -1.000000
27 1.421045 0.693971 -1.000000
28 1.765306 0.667061 -1.000000
29 7.791751 0.746605 0.000000
30 0.994184 0.709424 0.000000
31 1.763655 0.647630 -1.000000
32 2.614319 0.355073 1.000000
33 1.774315 0.704709 1.000000
34 1.180929 0.758838 -1.000000
35 2.038720 0.485716 -2.000000
36 3.028127 0.427794 1.000000
37 1.037963 0.718989 -1.000000
38 0.729703 0.800051 -2.000000
39 1.945512 0.437672 1.000000
40 1.472444 0.709020 1.000000
41 2.012890 0.491967 1.000000
42 1.140222 0.397193 1.000000
43 1.940776 0.613927 -1.000000
44 5.066981 0.261735 1.000000
45 2.199042 0.356708 1.000000
46 2.841777 0.488117 0.000000
47 3.731562 0.545069 -1.000000
48 1.566247 0.314568 1.000000
49 1.336354 0.616184 0.000000
50 0.735303 0.760505 -2.000000
51 0.568151 0.783188 -1.000000
52 0.563900 0.743853 -2.000000
53 1.070685 0.777291 -2.000000
54 3.529969 0.456989 1.000000
55 1.868480 0.610065 0.000000
56 2.838907 0.517248 0.000000
57 1.734397 0.671586 -1.000000
58 1.514381 0.224372 -1.000000
59 2.740569 0.618427 -1.000000
60 0.865091 0.778224 0.000000
61 1.012310 0.582351 -2.000000
62 1.114985 0.681717 -2.000000
63 1.409320 0.548391 -1.000000
64 1.203819 0.576549 -2.000000
65 1.444802 0.517237 -2.000000
66 0.835584 0.619928 -2.000000
67 1.018367 0.590069 -1.000000
68 1.343083 0.247824 0.000000
69 1.978231 0.086510 -2.000000
70 0.907789 0.561199 -2.000000
71 0.599743 0.638305 -1.000000
72 0.591810 0.812903 0.000000
73 0.619739 0.779455 -1.000000
74 0.512822 0.794536 -1.000000
75 0.800615 0.790470 -1.000000
76 0.490183 0.813380 -1.000000
77 0.650961 0.807098 0.000000
78 0.419516 0.596023 -2.000000
79 0.881377 0.520446 -2.000000
80 0.508063 0.620545 -2.000000
81 0.391828 0.654863 -2.000000
82 0.726131 0.727294 -2.000000
83 2.188678 0.582351 -1.000000
84 0.557236 0.789165 -2.000000
85 0.639723 0.760526 -2.000000
86 0.907236 0.771083 -2.000000
87 0.755369 0.748547 -2.000000
88 1.276856 0.597615 0.000000
89 4.411994 0.783975 -1.000000
90 0.505124 0.742284 -2.000000
91 1.316979 0.576772 -1.000000
92 1.424563 0.305034 -2.000000
93 0.786782 0.738476 -1.000000
94 0.652886 0.767807 -1.000000
95 1.901781 0.216582 -2.000000
96 1.951213 0.302150 1.000000
97 0.561780 0.732731 -1.000000
98 0.360730 0.798183 -2.000000
99 1.659173 0.227533 -2.000000
100 0.693606 0.728950 -1.000000
101 1.289383 0.438374 0.000000
102 0.557938 0.440192 0.000000
103 1.139863 0.559323 -2.000000
104 3.231107 0.203702 1.000000
105 1.323049 0.253018 1.000000
106 1.461185 0.553374 -2.000000
107 2.233690 0.493221 -2.000000
108 0.727497 0.400848 0.000000
109 0.951382 0.578030 -1.000000
110 0.611207 0.681287 -2.000000
111 0.348952 0.772971 -2.000000
112 0.304729 0.786912 -2.000000
113 0.525481 0.822363 -2.000000
114 2.225347 0.390018 1.000000
115 1.042832 0.632251 -1.000000
116 1.823807 0.469520 0.000000
117 1.283774 0.596022 0.000000
118 1.222563 0.077117 -2.000000
119 1.391783 0.616295 -2.000000
120 0.482450 0.787033 0.000000
# SH waves
1 0.743717 0.378137 4.000000
2 1.426626 0.214068 4.000000
3 1.710997 0.150136 4.000000
4 1.151559 0.330617 4.000000
5 1.427380 0.270916 4.000000
6 0.516874 0.595941 4.000000
7 0.477071 0.619315 4.000000
8 2.065199 0.275620 4.000000
9 18.071127 0.143300 -5.000000
10 21.532518 -0.101265 1.000000
11 8.533526 0.273064 -5.000000
12 1.157231 0.284615 -3.000000
13 5.422354 0.104119 -1.000000
14 4.074301 0.236301 -5.000000
15 2.698460 0.188276 -5.000000
16 12.685253 0.195085 -5.000000
17 4.361803 -0.029782 -5.000000
18 4.822690 -0.003721 -5.000000
19 5.852065 -0.096372 -5.000000
20 3.946567 -0.160648 -5.000000
21 2.548467 -0.018786 4.000000
22 6.669690 -0.047677 4.000000
23 1.460813 0.450477 -3.000000
24 2.739149 0.015822 -5.000000
25 1.817650 0.345376 -4.000000
26 1.591143 0.263262 -3.000000
27 7.221652 0.357709 4.000000
28 6.703038 0.457493 -2.000000
29 1.214075 0.103911 -5.000000
30 36.428497 -0.323267 -5.000000
31 1.997983 0.698171 -1.000000
32 11.477499 0.324721 -5.000000
33 2.176335 0.316388 -2.000000
34 1.754101 0.317250 -5.000000
35 1.867509 0.252794 3.000000
36 4.464367 0.535922 1.000000
37 3.944674 0.643373 -3.000000
38 2.886108 0.297840 4.000000
39 1.461178 0.274958 -3.000000
40 0.917842 0.421983 4.000000
41 27.695154 0.490742 4.000000
42 4.588360 0.509295 -1.000000
43 1.855274 0.022382 4.000000
44 1.583746 0.063856 -5.000000
45 1.307118 0.246024 -5.000000
46 3.209457 0.319262 4.000000
47 2.817202 0.245667 4.000000
48 2.206842 0.216350 4.000000
49 2.573612 0.245080 4.000000
50 18.394608 0.393358 4.000000
51 2.968461 0.503665 -2.000000
52 4.129218 0.419414 -5.000000
53 2.842474 0.269567 -5.000000
54 1.663229 0.499119 0.000000
55 1.484169 0.221607 4.000000
56 1.264011 0.410407 -5.000000
# Rayleigh waves
1 2.026579 0.376307 6.000000
2 4.154016 0.546580 -19.000000
3 1.769627 0.561988 -20.000000
4 1.496992 0.588021 -10.000000
5 6.966478 0.660502 1.000000
6 0.735413 0.477698 -9.000000
7 1.625601 0.767559 3.000000
8 3.314035 0.646424 -19.000000
9 0.319411 0.832078 1.000000
10 0.248631 0.621611 9.000000
11 8.135338 0.607150 3.000000
12 0.380208 0.424075 8.000000
13 0.551796 0.679491 -17.000000
14 3.832548 0.833879 1.000000
15 0.321276 0.525768 -14.000000
16 0.099543 0.854142 2.000000
17 3.501909 0.757953 19.000000
18 0.203912 0.443570 -14.000000
