-122.8012 38.8370 1.5500 0.2100 2024-12-12T18:03:42
-122.8148 38.8340 1.0500 1.0600 2024-12-12T17:54:36
-122.8518 38.8028 10.3300 0.7500 2024-12-12T17:02:20
-122.8297 38.8160 1.6200 1.7400 2024-12-12T16:56:43
-122.8013 38.8300 1.3800 0.7000 2024-12-12T16:49:28
-122.8018 38.8298 1.5500 0.7600 2024-12-12T16:48:27
-124.4712 40.3188 12.4700 2.6900 2024-12-12T15:43:39
-122.8122 38.8208 2.8100 1.1000 2024-12-12T15:17:51
-122.7687 38.8080 1.1800 0.7000 2024-12-12T15:15:25
-124.9925 40.3752 10.0000 3.7500 2024-12-12T14:50:15
-122.8295 38.8118 2.1700 0.8200 2024-12-12T14:06:43
-125.0140 40.3305 1.0900 3.1100 2024-12-12T14:02:16
-122.8760 38.8405 2.3200 0.7800 2024-12-12T11:54:52
-122.7650 38.8067 1.5000 0.2400 2024-12-12T11:37:05
-122.7815 38.8177 1.5900 0.3200 2024-12-12T10:37:56
-122.7828 38.8165 1.4900 1.5300 2024-12-12T10:35:59
-124.5260 40.2947 10.7600 3.0400 2024-12-12T10:31:28
-122.7992 38.6648 7.0900 1.4000 2024-12-12T09:56:57
-122.7592 38.7775 0.7300 1.4600 2024-12-12T09:11:48
-122.7520 38.8377 0.4300 1.2500 2024-12-12T04:59:40
-122.7512 38.7905 8.2000 0.3100 2024-12-12T04:56:51
-122.7712 38.8030 1.7500 0.7500 2024-12-12T04:51:41
-122.8422 38.8195 2.2200 1.4400 2024-12-12T04:37:09
-122.7862 38.8168 2.0500 0.7100 2024-12-12T03:33:06
-122.8168 38.8357 2.0400 0.9300 2024-12-12T03:31:37
-124.5100 40.3103 9.8900 3.3300 2024-12-12T03:24:53
-124.3210 40.0497 12.2000 1.6800 2024-12-12T02:59:29
-122.8258 38.8143 1.7300 1.0300 2024-12-12T02:36:47
-122.7688 38.7815 3.6200 0.7600 2024-12-12T02:33:04
-124.7535 40.3528 19.3600 2.9600 2024-12-12T01:22:07
-122.8195 38.8348 2.0900 0.8000 2024-12-12T01:04:44
-122.8058 38.8148 2.3000 1.0100 2024-12-12T00:20:32
-122.7577 38.8208 1.3400 0.7600 2024-12-12T00:16:49
-124.4970 40.3223 9.9400 2.1100 2024-12-11T23:33:40
-124.4728 40.2862 19.2300 2.0000 2024-12-11T23:27:58
-124.5273 40.1965 0.5600 2.6600 2024-12-11T22:50:17
-122.8440 38.8228 2.0700 0.6500 2024-12-11T22:38:10
-122.8223 38.8213 2.6100 0.8300 2024-12-11T22:15:33
-124.8763 40.2947 13.8400 2.4600 2024-12-11T19:03:19
-122.8152 38.8355 1.4500 1.1000 2024-12-11T18:22:17
-122.7768 38.8068 2.0700 1.3200 2024-12-11T17:55:13
-124.5297 40.2807 18.6800 2.4700 2024-12-11T17:44:20
-122.7582 38.7827 2.4400 0.5900 2024-12-11T17:25:36
-122.7983 38.8377 0.4500 0.3700 2024-12-11T16:45:35
-124.9782 40.3408 7.7200 2.5300 2024-12-11T16:31:53
-122.8183 38.8305 1.7600 1.6900 2024-12-11T16:00:04
-122.8002 38.8275 2.7900 1.0900 2024-12-11T13:53:00
-122.7960 38.8227 2.6900 1.3400 2024-12-11T13:52:05
-122.7725 38.7820 4.3800 0.3700 2024-12-11T13:15:04
-122.7882 38.7885 0.9300 1.6800 2024-12-11T12:59:31
-122.7973 38.8235 2.6700 1.5000 2024-12-11T11:49:21
-124.5925 40.3482 10.7600 2.1100 2024-12-11T10:56:41
-122.7708 38.7897 0.0400 0.2600 2024-12-11T09:50:47
-122.8053 38.8217 5.6300 0.7600 2024-12-11T09:23:13
-124.6398 40.3240 13.9700 2.5400 2024-12-11T09:17:11
-122.8810 38.8342 1.2500 1.3300 2024-12-11T09:04:07
-124.4522 40.2830 19.0600 1.9100 2024-12-11T08:50:57
-122.8092 38.8148 2.9900 1.0700 2024-12-11T07:49:40
-124.5022 40.2807 16.2400 2.1800 2024-12-11T07:13:34
-122.8003 38.8240 2.5400 0.7700 2024-12-11T07:12:04
-122.8192 38.8312 1.8500 0.7400 2024-12-11T06:51:23
-122.8180 38.8302 1.9700 1.2800 2024-12-11T06:51:00
-122.8237 38.8412 0.2600 1.0300 2024-12-11T06:14:19
-122.7963 38.8313 6.9900 0.7000 2024-12-11T06:10:57
-122.8078 38.8052 1.1100 0.8600 2024-12-11T06:07:23
-122.8055 38.8052 0.8800 1.0900 2024-12-11T05:59:00
-125.0770 40.4465 10.0000 3.4000 2024-12-11T05:49:12
-122.7692 38.7870 0.6900 1.3300 2024-12-11T05:43:42
-122.8088 38.8045 1.2200 0.7700 2024-12-11T05:30:14
-122.7583 38.7923 0.6800 1.5300 2024-12-11T05:27:06
-122.8437 38.8215 1.7400 0.7500 2024-12-11T05:25:45
-125.1033 40.4548 0.4300 3.4600 2024-12-11T04:40:40
-125.1270 40.4708 10.0000 3.4100 2024-12-11T04:20:59
-122.8080 38.8325 2.0500 1.2900 2024-12-11T04:13:15
-122.8110 38.8388 1.9500 1.0900 2024-12-11T03:48:28
-122.8537 38.8217 2.3500 0.7600 2024-12-11T03:39:13
-122.8428 38.8203 2.4400 0.7500 2024-12-11T03:24:47
-122.7938 38.8163 4.9300 0.5300 2024-12-11T02:56:52
-122.8152 38.8323 0.9700 0.3800 2024-12-11T02:45:49
-122.7955 38.8358 2.1100 0.2200 2024-12-11T01:19:14
-124.3382 40.6825 26.4700 2.1000 2024-12-10T23:44:39
-122.8055 38.8213 2.6600 0.7600 2024-12-10T22:44:20
-125.4128 40.4120 4.7700 3.2400 2024-12-10T21:50:44
-122.7393 38.7745 0.9100 1.3100 2024-12-10T20:21:26
-125.0752 40.3498 0.0900 2.7900 2024-12-10T19:14:19
-122.7967 38.8238 2.6600 0.5400 2024-12-10T19:08:38
-122.8548 38.8275 2.5500 0.7700 2024-12-10T18:49:53
-124.7477 40.2598 5.5000 2.3700 2024-12-10T18:43:47
-122.7965 38.8175 2.2200 1.4500 2024-12-10T18:22:44
-122.8203 38.8152 2.4200 1.0800 2024-12-10T18:01:15
-122.8170 38.7943 10.9200 0.9900 2024-12-10T17:50:54
-124.4405 39.8003 13.7000 1.9900 2024-12-10T17:36:02
-124.5565 40.7832 20.0900 2.8500 2024-12-10T17:28:04
-124.7360 40.3392 24.0100 2.6700 2024-12-10T17:20:30
-122.8005 38.8257 2.8000 0.7100 2024-12-10T17:09:51
-122.8088 38.8123 4.8500 0.2300 2024-12-10T17:02:11
-122.7543 38.8390 1.4000 0.8300 2024-12-10T16:34:22
-122.7347 38.8042 2.4900 0.8100 2024-12-10T16:20:24
-122.7675 38.7872 3.1000 0.7700 2024-12-10T16:14:37
-122.8055 38.8295 2.9200 1.0700 2024-12-10T15:43:29
-122.7903 38.8308 13.8500 1.1700 2024-12-10T15:27:02
-124.9728 40.3533 14.1200 2.7400 2024-12-10T15:21:32
-123.1347 39.7003 5.1100 2.1100 2024-12-10T14:21:46
-125.1583 40.4150 0.8900 2.9000 2024-12-10T14:14:51
-124.9037 40.3297 13.9200 3.2000 2024-12-10T13:26:32
-124.7920 40.3325 5.8200 4.1700 2024-12-10T13:01:07
-124.5195 40.2990 5.8400 2.6500 2024-12-10T11:21:42
-124.5498 40.2845 19.7800 2.0800 2024-12-10T10:57:31
-122.7995 38.8297 2.1700 0.7300 2024-12-10T10:35:28
-124.5062 40.2972 7.7400 3.6500 2024-12-10T10:25:57
-124.4707 40.3177 8.4800 2.2600 2024-12-10T10:20:18
-122.7948 38.8237 2.6600 1.1300 2024-12-10T09:57:19
-124.2495 40.6462 14.3500 1.9400 2024-12-10T09:12:44
-124.5833 40.3032 10.5500 2.5700 2024-12-10T09:02:32
-122.7987 38.8258 2.5800 1.4300 2024-12-10T08:58:01
-122.8070 38.8275 3.0800 0.7000 2024-12-10T08:54:06
-122.8128 38.8193 2.5300 1.1000 2024-12-10T07:39:47
-124.9845 40.3095 5.0400 2.8600 2024-12-10T07:29:13
-122.8023 38.8250 2.2900 1.0300 2024-12-10T07:26:11
-122.8028 38.8255 2.8800 1.0400 2024-12-10T07:17:23
-122.8025 38.8232 3.1100 1.4700 2024-12-10T07:04:53
-122.7990 38.8288 2.8700 1.0300 2024-12-10T07:00:04
-122.7975 38.8280 2.7600 0.7300 2024-12-10T06:50:46
-124.9435 40.3647 1.5900 2.3500 2024-12-10T06:33:42
-122.8097 38.8218 3.2700 0.7700 2024-12-10T06:28:32
-122.7983 38.8280 2.9400 1.1500 2024-12-10T06:16:45
-122.8008 38.8257 2.6800 1.1000 2024-12-10T06:14:33
-122.8010 38.8252 2.5800 0.6400 2024-12-10T06:10:15
-122.8058 38.8208 2.8800 1.8100 2024-12-10T06:06:47
-122.8075 38.8207 3.5600 0.7700 2024-12-10T06:06:37
-122.8010 38.8265 2.3100 1.1600 2024-12-10T06:03:36
-122.8008 38.8278 3.1700 0.4300 2024-12-10T05:59:28
-122.7967 38.8257 4.2900 1.0400 2024-12-10T05:57:49
-122.8008 38.8255 2.6500 1.0000 2024-12-10T05:57:34
-122.8008 38.8267 2.7900 1.7000 2024-12-10T05:57:19
-122.8007 38.8242 2.7200 2.3100 2024-12-10T05:57:09
-122.7995 38.8258 2.2900 1.3100 2024-12-10T05:56:37
-122.8028 38.8218 2.6600 3.9300 2024-12-10T05:55:38
-124.6027 40.2652 21.7600 2.6000 2024-12-10T05:53:20
-124.4738 40.3023 7.6400 2.2200 2024-12-10T05:25:40
-122.8185 38.8337 2.0800 0.6600 2024-12-10T05:12:37
-124.6657 40.2938 18.2700 2.5200 2024-12-10T04:25:32
-122.8142 38.8353 1.4500 0.7100 2024-12-10T03:53:37
-122.7787 38.7803 3.1700 0.7400 2024-12-10T03:48:34
-122.8208 38.8323 1.7300 0.7400 2024-12-10T02:53:51
-122.8165 38.8335 1.9400 1.1100 2024-12-10T02:47:12
-122.7778 38.7927 1.7100 1.0400 2024-12-10T02:21:59
-122.7773 38.7910 1.2400 2.0000 2024-12-10T02:02:17
-122.8240 38.8278 1.7700 0.8800 2024-12-10T01:53:57
-122.8092 38.8375 2.3000 0.2200 2024-12-10T01:43:14
-122.8242 38.8287 1.5300 0.6600 2024-12-10T01:21:20
-122.8147 38.8343 1.8200 1.1500 2024-12-10T01:18:40
-122.8153 38.8333 1.6600 0.7700 2024-12-10T01:07:29
-124.9610 40.3422 10.5700 2.5900 2024-12-10T00:58:27
-124.7282 40.3117 12.5400 2.8800 2024-12-10T00:56:21
-125.0290 40.3843 9.8500 2.9200 2024-12-10T00:56:04
-122.8788 38.8412 2.7200 0.7800 2024-12-10T00:43:47
-122.8040 38.8173 1.6900 2.1100 2024-12-10T00:39:44
-122.8112 38.8278 1.4300 0.7700 2024-12-10T00:05:47
-122.8170 38.8347 1.9300 0.6500 2024-12-09T23:59:15
-122.8222 38.8280 1.6800 0.9400 2024-12-09T23:11:45
-125.0267 40.3293 0.2100 3.0900 2024-12-09T22:52:44
-122.7978 38.8348 2.2300 0.8100 2024-12-09T22:24:10
-122.7613 38.8190 1.8600 0.7500 2024-12-09T22:16:40
-122.8248 38.8280 1.2100 1.0800 2024-12-09T22:14:09
-124.3970 40.3005 15.5600 1.5700 2024-12-09T21:35:30
-125.1003 40.2812 0.9000 2.9400 2024-12-09T21:25:30
-122.8740 38.8290 2.0200 0.3700 2024-12-09T21:20:22
-125.5477 40.3614 10.0000 2.6000 2024-12-09T21:09:56
-122.7720 38.7867 1.8100 0.8500 2024-12-09T20:32:16
-124.6088 40.2775 2.3900 3.0200 2024-12-09T20:25:30
-124.9792 40.3675 0.1000 2.6100 2024-12-09T20:13:35
-122.7882 38.8395 7.4500 0.6200 2024-12-09T20:12:00
-124.6390 40.3605 16.3900 3.1600 2024-12-09T19:24:24
-123.8472 40.2813 28.8200 2.3400 2024-12-09T18:31:04
-123.1368 39.6995 4.4300 2.1600 2024-12-09T18:05:51
-123.1345 39.6983 4.7200 2.8100 2024-12-09T18:00:17
-124.5578 40.2755 18.7900 2.6700 2024-12-09T16:05:35
-123.1215 39.6977 7.7200 2.0600 2024-12-09T16:01:21
-123.1420 39.7012 4.1100 1.6500 2024-12-09T15:55:16
-122.8535 38.8232 2.0600 0.6900 2024-12-09T14:03:12
-123.1275 39.6992 6.6200 1.7400 2024-12-09T13:48:46
-122.7913 38.8272 1.8800 0.7800 2024-12-09T13:42:45
-123.0998 39.0497 7.2600 1.4700 2024-12-09T13:33:28
-124.4927 40.3152 11.1600 2.0900 2024-12-09T13:05:39
-124.5195 40.3418 13.8900 2.4200 2024-12-09T12:54:04
-124.9188 40.3947 19.4900 3.0200 2024-12-09T12:21:45
-123.7958 40.3108 6.7200 2.2800 2024-12-09T11:52:21
-122.7700 38.8028 1.8800 0.7000 2024-12-09T11:25:12
-124.6550 40.2723 11.6000 2.6900 2024-12-09T11:15:31
-124.7248 40.3618 19.9000 3.0400 2024-12-09T11:02:00
-124.9858 40.3417 4.3600 2.4800 2024-12-09T10:40:34
-122.7907 38.8070 2.9100 1.3000 2024-12-09T10:38:58
-122.7392 38.7592 1.3800 1.0600 2024-12-09T09:49:05
-123.4352 39.5863 3.3600 1.6000 2024-12-09T09:34:42
-122.7583 38.7910 0.5900 0.7300 2024-12-09T09:14:22
-124.5657 40.3343 4.3400 2.4400 2024-12-09T08:36:46
-124.7823 40.4202 11.6500 3.5600 2024-12-09T08:35:49
-122.8553 38.8292 1.9300 0.3200 2024-12-09T08:31:20
-124.5192 40.2940 18.8800 3.3300 2024-12-09T08:22:31
-124.4945 40.2945 18.6100 2.7400 2024-12-09T07:58:45
-124.6818 40.3360 20.5600 2.5800 2024-12-09T07:55:26
-122.7637 38.8247 2.3000 0.9500 2024-12-09T07:49:13
-124.9177 40.3485 10.0000 3.9500 2024-12-09T07:15:42
-122.7897 38.8345 1.7600 1.2500 2024-12-09T07:08:36
-122.8292 38.8140 1.6400 0.8400 2024-12-09T07:02:58
-122.7972 38.8302 1.4100 0.6000 2024-12-09T06:00:49
-123.3318 39.7987 4.8700 1.6900 2024-12-09T04:08:07
-124.8048 40.2348 4.5000 2.4400 2024-12-09T03:24:50
-122.7687 38.7895 0.7500 0.7700 2024-12-09T02:43:25
-123.4767 39.3423 2.0300 1.4700 2024-12-09T01:58:29
-124.4952 40.3297 11.9700 2.6200 2024-12-09T01:25:22
-124.9872 40.4508 0.3700 3.4800 2024-12-09T00:47:10
-122.7597 38.7905 1.7700 1.2700 2024-12-09T00:14:59
-122.8230 38.8675 1.4900 1.5100 2024-12-09T00:00:36
-122.7723 38.8012 0.6300 0.2500 2024-12-08T23:03:54
-124.9887 40.2912 24.5900 2.7500 2024-12-08T22:17:03
-124.5758 40.2952 10.1900 2.9000 2024-12-08T22:03:31
-122.8185 38.8358 2.1000 0.7300 2024-12-08T21:54:12
-122.7297 38.7775 1.2100 1.5200 2024-12-08T21:52:16
-122.7735 38.8277 0.6700 1.0600 2024-12-08T21:45:21
-122.7673 38.7870 2.4800 1.5800 2024-12-08T21:08:15
-124.7075 40.3122 8.7300 2.6600 2024-12-08T21:07:15
-122.8247 38.8280 1.3400 0.4400 2024-12-08T21:03:56
-124.8335 40.4392 1.8100 2.5400 2024-12-08T21:03:54
-122.7603 38.8282 0.7600 0.3100 2024-12-08T21:01:58
-122.8167 38.8303 2.0200 1.4800 2024-12-08T20:18:04
-122.7743 38.8063 0.6800 0.5100 2024-12-08T20:12:10
-122.7663 38.7968 1.4000 1.0400 2024-12-08T19:41:54
-122.7510 38.7893 3.6600 0.7200 2024-12-08T19:04:23
-124.5528 40.2845 10.5400 2.4500 2024-12-08T18:54:09
-122.8180 38.8313 1.7300 0.7200 2024-12-08T18:33:55
-122.7672 38.7970 1.2500 0.8900 2024-12-08T18:02:57
-124.4492 40.3142 13.5200 2.5500 2024-12-08T16:43:26
-124.8390 40.2892 0.2500 2.3100 2024-12-08T16:29:52
-122.8280 38.8410 0.6800 0.2200 2024-12-08T16:15:25
-124.4743 40.3698 12.4200 1.5900 2024-12-08T16:13:04
-124.8408 40.4480 8.5900 2.8500 2024-12-08T15:58:24
-124.7753 40.2737 2.1600 2.3300 2024-12-08T14:58:59
-122.7777 38.7932 1.6300 0.8600 2024-12-08T14:57:45
-124.4553 40.3247 8.1700 1.8900 2024-12-08T13:51:56
-122.8265 38.8120 2.6100 0.3600 2024-12-08T13:40:22
-124.6277 40.2542 17.3100 2.8900 2024-12-08T13:24:47
-123.0600 38.9383 6.4000 1.2400 2024-12-08T13:18:50
-122.7777 38.8060 3.2400 0.2600 2024-12-08T13:01:32
-124.5407 40.3380 13.6600 2.7400 2024-12-08T12:55:18
-124.7427 40.3292 22.7000 3.0200 2024-12-08T12:49:57
-124.8287 40.2383 2.5400 2.1600 2024-12-08T12:46:24
-122.7645 38.7873 1.4300 0.7300 2024-12-08T12:14:48
-122.8293 38.8482 0.9600 0.2100 2024-12-08T12:10:30
-122.8167 38.8340 1.7700 1.0900 2024-12-08T11:33:59
-124.9588 40.3385 3.8000 2.6800 2024-12-08T10:25:17
-123.5780 39.1007 0.6600 1.5900 2024-12-08T10:06:26
-122.7673 38.7873 2.1100 1.0200 2024-12-08T10:02:53
-124.4732 40.2998 8.6600 3.1200 2024-12-08T09:22:45
-124.6712 40.2550 0.8000 2.1400 2024-12-08T08:52:22
-122.7857 38.8155 1.4700 0.7600 2024-12-08T08:31:47
-122.7125 38.7567 1.8000 0.8100 2024-12-08T08:12:02
-122.7990 38.8348 1.8400 1.0200 2024-12-08T07:05:45
-122.8290 38.8305 0.7300 1.0900 2024-12-08T06:49:53
-122.8297 38.8302 0.2500 1.0900 2024-12-08T06:49:28
-124.4498 40.3272 9.0100 1.8300 2024-12-08T06:40:37
-124.3933 40.3037 6.9300 2.2300 2024-12-08T06:15:14
-122.8230 38.8203 2.3600 0.7300 2024-12-08T05:28:08
-124.8100 40.3630 9.1800 2.3900 2024-12-08T05:10:42
-122.8488 38.7983 2.9800 1.0700 2024-12-08T05:09:11
-122.8483 38.7995 2.7900 1.0600 2024-12-08T05:02:23
-124.4905 40.2567 18.3200 2.6900 2024-12-08T04:54:45
-124.4163 40.3013 8.9500 1.8100 2024-12-08T04:47:44
-122.8143 38.8163 1.7500 1.0700 2024-12-08T04:37:37
-124.2823 40.1990 18.5500 2.2000 2024-12-08T04:34:37
-124.5205 40.3220 10.7400 2.0500 2024-12-08T04:17:03
-122.7740 38.7842 3.2100 1.6700 2024-12-08T03:53:37
-122.7657 38.7797 0.9000 1.6200 2024-12-08T03:09:27
-122.8447 38.8227 2.2600 0.7600 2024-12-08T03:08:58
-122.8313 38.8433 1.2400 0.6800 2024-12-08T02:25:52
-124.4343 40.3063 12.1800 1.7100 2024-12-08T02:01:24
-122.8277 38.8117 1.9800 0.8000 2024-12-08T01:22:22
-122.8013 38.8325 1.6500 0.4300 2024-12-07T23:59:01
-122.8048 38.8213 3.4200 0.7800 2024-12-07T23:22:45
-124.8030 40.3585 3.8600 2.5400 2024-12-07T22:54:29
-122.7577 38.7800 1.3600 1.0800 2024-12-07T22:36:23
-124.9195 40.3742 1.1600 2.7100 2024-12-07T22:35:23
-124.5058 40.3045 7.6200 2.0900 2024-12-07T22:27:32
-124.5033 40.2973 7.5000 3.4300 2024-12-07T22:04:31
-124.7035 40.3207 10.8500 2.4200 2024-12-07T21:41:32
-122.7635 38.8157 1.7900 0.2900 2024-12-07T21:31:16
-122.7702 38.8167 3.2200 0.2400 2024-12-07T21:26:14
-122.7892 38.8215 1.1500 0.7700 2024-12-07T21:18:12
-122.8777 38.8330 1.7000 1.0800 2024-12-07T21:02:47
-124.9295 40.3748 6.1800 2.7800 2024-12-07T20:59:40
-122.8260 38.8133 2.0100 1.0600 2024-12-07T20:58:40
-123.1010 39.2145 3.0400 1.3800 2024-12-07T20:55:28
-122.8145 38.8153 2.8700 0.9500 2024-12-07T20:19:10
-122.7970 38.7963 0.4300 0.8600 2024-12-07T20:11:31
-122.8275 38.8323 3.6900 0.9400 2024-12-07T20:03:17
-124.4767 40.3002 7.5200 3.4700 2024-12-07T19:54:28
-124.7510 40.3262 20.8900 2.6500 2024-12-07T19:48:25
-122.7762 38.8350 2.2900 1.0500 2024-12-07T19:39:41
-122.7788 38.7915 1.9900 1.0800 2024-12-07T19:34:12
-122.8105 38.8122 3.3700 0.8200 2024-12-07T19:05:23
-122.8095 38.8353 2.4400 0.9600 2024-12-07T18:45:56
-122.8088 38.8348 2.1200 1.8300 2024-12-07T18:45:47
-125.1797 40.2860 0.0000 2.4400 2024-12-07T18:27:47
-122.7560 38.8407 0.8400 0.6900 2024-12-07T18:25:47
-124.4063 40.2980 16.9300 1.7900 2024-12-07T18:11:45
-122.7563 38.7940 0.4200 1.2700 2024-12-07T18:02:44
-124.8918 40.3057 4.3100 2.0000 2024-12-07T17:51:39
-122.7832 38.8352 1.8900 0.7800 2024-12-07T17:40:54
-122.8212 38.8038 2.1500 0.7600 2024-12-07T17:37:09
-122.7375 38.8057 1.2800 2.0100 2024-12-07T17:29:05
-124.4758 40.3047 10.1800 2.0800 2024-12-07T17:11:46
-124.6352 40.3327 11.9100 2.4000 2024-12-07T17:04:01
-124.6158 40.3378 10.1100 2.4500 2024-12-07T16:43:59
-124.5447 40.2990 14.4200 2.2300 2024-12-07T16:35:19
-122.8478 38.8270 1.8300 0.8000 2024-12-07T16:31:04
-122.8248 38.8412 0.1800 0.7600 2024-12-07T16:25:42
-124.6272 40.2988 16.2200 1.9600 2024-12-07T16:09:32
-123.2663 39.4120 7.2800 1.4800 2024-12-07T16:04:28
-124.4615 40.3203 7.8600 1.9400 2024-12-07T16:01:41
-122.8512 38.8833 0.6600 1.0100 2024-12-07T15:06:54
-124.4725 40.3058 9.6500 2.5400 2024-12-07T14:49:09
-124.7772 40.3435 2.8400 2.9900 2024-12-07T14:42:20
-124.4842 40.3042 16.8100 1.9400 2024-12-07T14:41:00
-124.9215 40.3662 12.2000 2.8300 2024-12-07T14:04:40
-122.8137 38.8010 3.0400 0.8000 2024-12-07T13:48:38
-125.0530 40.3735 11.7100 2.8900 2024-12-07T13:34:34
-124.6692 40.2912 14.3100 2.4500 2024-12-07T13:19:14
-124.4683 40.3112 8.6000 2.4200 2024-12-07T13:17:22
-122.8268 38.8408 0.2300 0.7200 2024-12-07T12:38:55
-122.8137 38.7990 2.8800 1.4700 2024-12-07T12:37:53
-124.6672 40.3598 20.7800 2.7300 2024-12-07T12:31:18
-124.4988 40.3105 9.9700 2.1300 2024-12-07T12:26:12
-122.8077 38.8228 2.5200 1.8700 2024-12-07T12:05:30
-122.8433 38.8202 2.1500 1.0900 2024-12-07T11:55:53
-125.1397 40.4198 4.4800 2.8200 2024-12-07T11:52:28
-125.0888 40.3355 7.9500 2.7800 2024-12-07T11:34:07
-124.4903 40.3092 10.1300 2.4900 2024-12-07T11:27:39
-124.5142 40.3183 8.5000 1.9100 2024-12-07T11:18:26
-124.7787 40.3633 7.9000 2.8200 2024-12-07T11:08:52
-124.4815 40.2750 20.5200 1.9200 2024-12-07T11:00:50
-124.7855 40.3838 24.1200 2.4100 2024-12-07T10:31:54
-124.4220 40.3087 8.9000 2.2100 2024-12-07T10:30:56
-122.8178 38.8313 1.7800 0.7700 2024-12-07T10:30:42
-124.9415 40.3485 0.3900 3.7800 2024-12-07T09:43:22
-125.1277 40.3492 1.6100 2.7800 2024-12-07T09:37:51
-122.8155 38.8002 2.9500 0.7600 2024-12-07T09:09:05
-124.9947 40.3293 23.1500 2.7200 2024-12-07T08:56:33
-124.5623 40.3102 19.7500 2.6900 2024-12-07T08:08:27
-122.8433 38.8373 0.8500 0.6200 2024-12-07T07:19:04
-122.7945 38.8208 3.7200 0.7700 2024-12-07T06:51:01
-124.4688 40.3173 9.1100 2.0400 2024-12-07T06:41:30
-124.4733 40.3068 8.5800 2.6200 2024-12-07T06:33:06
-122.8162 38.8340 1.3600 0.2200 2024-12-07T06:18:20
-122.8170 38.8342 1.6000 1.6700 2024-12-07T06:16:29
-125.1515 40.3705 1.5400 2.7400 2024-12-07T06:12:23
-122.7340 38.7635 0.3500 0.2900 2024-12-07T06:11:15
-124.4485 40.3092 7.0700 2.0300 2024-12-07T06:02:08
-124.5193 40.3140 12.2200 2.3000 2024-12-07T05:44:29
-124.6157 40.3070 18.1300 2.6000 2024-12-07T05:40:18
-122.7603 38.7913 1.2600 0.7200 2024-12-07T05:27:12
-124.8760 40.2917 3.8100 2.6000 2024-12-07T05:07:54
-124.9010 40.3305 7.1000 2.6400 2024-12-07T04:58:46
-124.4722 40.3112 7.9600 1.5700 2024-12-07T04:41:32
-122.7722 38.8010 0.9800 0.4000 2024-12-07T04:31:20
-122.8440 38.8225 1.7600 0.8500 2024-12-07T04:27:26
-125.0530 40.3137 0.7400 2.7400 2024-12-07T04:22:05
-124.7735 40.2657 10.3600 1.9600 2024-12-07T03:58:07
-124.8013 40.3387 10.2800 2.2200 2024-12-07T03:34:06
-122.7415 38.7990 1.2600 0.9700 2024-12-07T03:31:26
-124.4372 40.2945 8.4000 2.1100 2024-12-07T03:20:58
-122.7245 38.7813 1.0800 1.3300 2024-12-07T03:16:55
-124.5107 40.2962 19.8400 1.8200 2024-12-07T02:49:50
-124.8788 40.3080 10.0000 2.0700 2024-12-07T02:44:04
-123.9052 40.0468 21.9000 2.3900 2024-12-07T02:34:01
-124.8293 40.3142 5.8800 2.5800 2024-12-07T02:20:18
-122.7670 38.7933 3.7300 1.2500 2024-12-07T02:01:20
-123.7908 40.4100 5.7800 2.2800 2024-12-07T01:12:22
-124.4252 40.4253 17.8700 1.4400 2024-12-07T01:02:17
-124.7035 40.4300 8.8100 3.2500 2024-12-07T01:00:56
-122.7693 38.8075 1.2500 0.7400 2024-12-07T01:00:09
-124.5827 40.3183 11.9000 2.8200 2024-12-07T00:57:40
-124.7455 40.3537 3.4400 1.7500 2024-12-07T00:53:38
-122.7903 38.7967 0.2400 0.7600 2024-12-07T00:53:19
-122.8242 38.8412 0.6800 0.6800 2024-12-07T00:45:57
-124.9183 40.3475 9.0200 2.4900 2024-12-07T00:37:21
-125.0218 40.4197 0.0000 3.4700 2024-12-07T00:31:17
-122.8490 38.8822 0.4600 1.2000 2024-12-07T00:20:45
-124.5712 40.3472 22.5600 2.2100 2024-12-06T23:32:29
-124.3842 40.1063 0.3700 1.7800 2024-12-06T23:23:05
-124.4767 40.3058 9.3300 2.6000 2024-12-06T23:21:12
-124.4783 40.3060 9.2600 2.5200 2024-12-06T23:21:12
-124.8488 40.4032 1.9000 3.6200 2024-12-06T23:02:36
-124.8205 40.3857 1.8400 2.3000 2024-12-06T22:56:16
-124.4770 40.3027 7.0500 2.1600 2024-12-06T22:47:33
-124.4770 40.3112 9.1700 2.0500 2024-12-06T22:20:54
-122.7817 38.8025 3.9800 0.7500 2024-12-06T22:09:51
-124.4957 40.3005 7.8100 3.0400 2024-12-06T22:08:03
-122.7583 38.7860 11.2400 0.2900 2024-12-06T22:01:27
-124.5718 40.2525 17.6000 2.4400 2024-12-06T21:53:55
-123.9968 40.0783 20.7100 1.3400 2024-12-06T21:53:38
-124.4848 40.2998 8.6100 3.6600 2024-12-06T21:49:21
-124.5852 40.2885 9.6200 2.1100 2024-12-06T21:48:11
-124.6903 40.2327 8.0300 2.3300 2024-12-06T21:31:17
-124.4860 40.3102 7.3400 2.0200 2024-12-06T21:28:03
-124.8277 40.2203 0.7500 2.7800 2024-12-06T20:52:11
-124.5600 40.2918 4.0000 3.2800 2024-12-06T20:15:51
-124.5023 40.3103 13.2100 1.8700 2024-12-06T20:09:03
-124.4857 40.3103 9.8900 3.7100 2024-12-06T20:05:18
-124.5108 40.2888 7.2700 4.0400 2024-12-06T20:01:06
-124.5060 40.3002 8.2300 2.7200 2024-12-06T19:56:54
-122.8305 38.8770 0.6900 1.2700 2024-12-06T19:14:06
-122.8250 38.8417 0.7900 0.4100 2024-12-06T18:50:48
-124.4550 40.1957 16.8300 2.3100 2024-12-06T18:48:49
-124.3317 40.2930 13.0200 2.9800 2024-12-06T18:41:12
-124.7853 40.1227 0.5200 2.0400 2024-12-06T18:40:31
-124.8702 40.3403 23.1000 2.8500 2024-12-06T18:36:57
-124.7108 40.2717 10.1000 2.5500 2024-12-06T18:28:38
-122.7798 38.7868 2.1700 1.0600 2024-12-06T18:05:44
-122.7937 38.8132 3.3200 0.7500 2024-12-06T17:56:37
-122.7940 38.8095 3.0700 0.8800 2024-12-06T17:50:57
-122.7733 38.8390 0.7500 0.7000 2024-12-06T17:37:09
-124.4988 40.3013 8.7100 3.0800 2024-12-06T17:07:43
-122.7892 38.8245 0.8800 0.7600 2024-12-06T17:07:29
-122.8232 38.8422 0.5600 0.3300 2024-12-06T16:51:23
-124.8609 40.4938 10.0000 2.4000 2024-12-06T16:38:19
-122.7535 38.7930 0.7900 1.0800 2024-12-06T16:22:45
-124.5138 40.3055 17.8200 2.3400 2024-12-06T16:13:28
-125.0472 40.3660 0.2800 2.8800 2024-12-06T16:07:27
-123.8350 40.5178 22.4800 2.3700 2024-12-06T15:44:31
-124.4765 40.3040 9.8200 2.5800 2024-12-06T15:43:23
-124.5607 40.3553 11.2700 2.0000 2024-12-06T15:39:19
-122.8417 38.8218 1.8200 0.4800 2024-12-06T15:24:39
-125.1863 40.4272 2.8300 2.7100 2024-12-06T15:15:44
-124.7335 40.3080 3.7100 4.2200 2024-12-06T14:58:22
-124.6035 40.3655 17.3200 2.2100 2024-12-06T14:52:27
-124.7215 40.3893 0.1500 3.0500 2024-12-06T14:51:25
-122.8240 38.8172 1.9800 0.4400 2024-12-06T14:31:32
-125.1455 40.3548 1.2100 2.5600 2024-12-06T14:17:59
-122.8312 38.8418 1.0300 0.1900 2024-12-06T14:03:00
-124.9978 40.3757 8.8200 2.9500 2024-12-06T14:01:36
-122.7945 38.8100 2.4700 0.7600 2024-12-06T14:01:21
-124.9458 40.3573 0.9900 2.4100 2024-12-06T13:43:38
-125.1675 40.3892 0.0900 2.3400 2024-12-06T13:40:51
-124.9842 40.3793 3.3300 2.4800 2024-12-06T13:28:45
-124.4925 40.2998 7.7200 2.3500 2024-12-06T13:18:27
-122.7728 38.7840 2.1100 0.4600 2024-12-06T13:18:02
-124.9812 40.3492 2.3600 3.7100 2024-12-06T13:07:39
-124.8665 40.3283 7.7300 2.9600 2024-12-06T13:01:52
-122.7922 38.8067 0.8400 0.9200 2024-12-06T12:24:18
-122.7287 38.7768 1.5300 1.0200 2024-12-06T12:19:58
-124.3950 40.3120 8.2500 1.7300 2024-12-06T12:16:08
-124.9948 40.4048 19.0200 2.9200 2024-12-06T12:14:18
-124.7852 40.3510 0.1200 3.0200 2024-12-06T12:05:12
-124.8860 40.3582 10.6400 2.8000 2024-12-06T12:03:47
-124.9730 40.3857 0.4700 3.8200 2024-12-06T11:56:08
-124.4960 40.3388 13.4300 2.0200 2024-12-06T11:47:55
-122.8077 38.8252 3.1800 0.2700 2024-12-06T11:41:02
-124.7463 40.2772 16.9700 2.2500 2024-12-06T11:15:36
-125.0025 40.3667 14.2300 2.8100 2024-12-06T11:05:14
-124.7500 40.3020 11.8800 2.7200 2024-12-06T10:53:58
-122.8408 38.8460 2.6400 0.5300 2024-12-06T10:45:23
-122.7900 38.8335 1.8500 1.4600 2024-12-06T10:41:42
-124.7157 40.4075 15.9900 2.1500 2024-12-06T10:38:30
-124.9687 40.3222 13.4300 2.6800 2024-12-06T10:02:06
-124.8158 40.3387 0.0000 3.0200 2024-12-06T10:01:02
-124.6988 40.3167 3.7700 2.1200 2024-12-06T09:57:30
-124.4558 40.2942 16.4500 2.8100 2024-12-06T09:53:03
-124.5280 40.3255 18.7700 2.3800 2024-12-06T09:38:47
-124.7927 40.2942 3.9600 2.3700 2024-12-06T09:31:18
-123.8382 40.2733 28.8000 2.8600 2024-12-06T09:05:19
-124.8723 40.3358 8.1800 2.8400 2024-12-06T09:04:16
-124.9767 40.3363 3.3100 2.6400 2024-12-06T08:38:53
-124.7933 40.3432 0.2800 3.0500 2024-12-06T08:33:46
-124.4843 40.2762 15.1600 2.1900 2024-12-06T08:28:25
-122.8172 38.8308 1.7600 1.3400 2024-12-06T08:25:10
-122.8080 38.8400 2.2600 0.2200 2024-12-06T08:18:25
-124.8453 40.2843 6.0000 2.3900 2024-12-06T08:06:02
-124.8965 40.3717 18.0800 2.8000 2024-12-06T08:02:34
-122.7753 38.7848 2.2900 1.0800 2024-12-06T07:56:28
-122.7215 38.7885 2.1600 1.0600 2024-12-06T07:36:56
-124.9920 40.3393 2.9700 2.4900 2024-12-06T07:26:53
-124.7175 40.3548 18.9100 2.6300 2024-12-06T07:25:33
-124.5132 40.3085 19.9900 2.2500 2024-12-06T07:23:22
-122.8355 38.8393 1.4000 0.8200 2024-12-06T07:20:40
-124.7440 40.3417 17.3400 3.3100 2024-12-06T07:13:39
-124.4668 40.2823 19.9700 2.6100 2024-12-06T07:06:02
-124.7060 40.3105 5.9800 4.1500 2024-12-06T07:01:51
-124.4472 40.2622 16.9300 2.1300 2024-12-06T07:01:01
-125.5363 40.4998 9.6200 2.6200 2024-12-06T06:56:02
-124.0677 40.1623 21.6700 0.8800 2024-12-06T06:16:11
-124.6745 40.3953 14.8700 3.0700 2024-12-06T06:11:16
-124.4470 40.2837 19.4100 2.0800 2024-12-06T06:09:53
-122.8218 38.8392 1.3400 0.7500 2024-12-06T06:07:10
-125.0353 40.3813 24.6300 2.6300 2024-12-06T06:00:36
-122.7708 38.7945 3.2700 0.7300 2024-12-06T05:54:31
-125.0873 40.3493 24.2500 3.1200 2024-12-06T05:44:22
-124.4725 40.2940 19.3300 1.7100 2024-12-06T05:36:24
-124.5000 40.3012 14.0300 2.1300 2024-12-06T05:20:42
-124.5497 40.4548 18.5500 3.8500 2024-12-06T05:13:50
-122.7972 38.8688 4.1100 0.6300 2024-12-06T05:08:01
-124.4183 40.3123 8.8500 2.2600 2024-12-06T05:05:51
-124.9195 40.3813 6.9900 2.5200 2024-12-06T05:01:51
-122.8297 38.8352 1.3400 0.2300 2024-12-06T04:56:11
-124.8870 40.3413 7.3400 2.6400 2024-12-06T04:52:49
-125.0522 40.3053 4.6000 2.7300 2024-12-06T04:51:24
-122.7707 38.7888 0.8800 0.7900 2024-12-06T04:44:17
-122.8248 38.8418 0.6200 0.7500 2024-12-06T04:29:45
-125.0335 40.3628 0.1500 3.7500 2024-12-06T04:24:14
-122.8428 38.8398 1.7900 0.8500 2024-12-06T04:21:06
-124.5030 40.3043 18.5000 2.6100 2024-12-06T04:08:53
-124.5100 40.3073 14.2900 1.8400 2024-12-06T03:59:44
-124.4442 40.3045 9.9200 1.8800 2024-12-06T03:56:10
-124.3885 40.2162 13.1500 2.4100 2024-12-06T03:47:39
-124.9965 40.3682 1.1700 3.7200 2024-12-06T03:32:10
-124.4850 40.2980 11.5600 2.6300 2024-12-06T03:22:13
-124.6260 40.2925 15.7500 2.1800 2024-12-06T03:21:15
-122.8425 38.8370 1.2200 0.9700 2024-12-06T03:18:14
-124.9157 40.3705 0.4600 2.9100 2024-12-06T03:13:32
-124.8097 40.3460 11.8400 2.0000 2024-12-06T03:05:33
-124.4130 40.3075 8.9800 1.5700 2024-12-06T03:03:44
-122.8060 38.8205 1.6900 1.0800 2024-12-06T02:57:43
-124.6118 40.2660 4.3900 2.8300 2024-12-06T02:39:54
-124.5138 40.3043 5.7700 2.4500 2024-12-06T02:32:18
-124.7197 40.2977 9.7100 2.4800 2024-12-06T02:27:11
-124.9145 40.3433 16.6300 2.6400 2024-12-06T02:18:44
-124.5478 40.3960 14.6300 2.3200 2024-12-06T02:17:58
-124.5735 40.3312 10.6700 2.1200 2024-12-06T02:08:10
-124.3642 40.2113 15.0500 2.2500 2024-12-06T02:00:42
-124.5893 40.3228 10.2000 2.2400 2024-12-06T01:51:58
-122.8243 38.8417 1.8300 1.0900 2024-12-06T01:51:29
-124.6385 40.3840 16.2800 2.3500 2024-12-06T01:47:51
-124.4830 40.3172 11.7600 1.4500 2024-12-06T01:46:44
-125.0262 40.3715 0.9200 2.9500 2024-12-06T01:44:30
-124.4498 40.2620 19.0000 2.2700 2024-12-06T01:32:58
-124.6260 40.3375 9.7400 2.9400 2024-12-06T01:25:21
-124.6943 40.3725 0.4700 3.0100 2024-12-06T01:20:58
-122.8242 38.8412 0.5700 0.6600 2024-12-06T01:07:44
-124.6023 40.3163 20.1500 2.6600 2024-12-06T01:00:43
-124.8357 40.2270 1.2900 2.2100 2024-12-06T00:53:58
-124.5118 40.3160 13.8700 2.3300 2024-12-06T00:46:29
-125.0183 40.2630 5.5900 2.4100 2024-12-06T00:44:03
-124.4923 40.2837 12.5600 1.8700 2024-12-06T00:41:08
-122.8343 38.8405 0.4500 0.4500 2024-12-06T00:40:00
-124.4345 40.3155 8.2100 1.6900 2024-12-06T00:32:51
-124.8140 40.2870 13.8500 2.5700 2024-12-06T00:25:39
-124.7625 40.2473 1.1100 2.4500 2024-12-06T00:24:00
-124.5385 40.3075 15.4300 2.4000 2024-12-06T00:19:50
-124.7577 40.2302 9.4100 2.8000 2024-12-06T00:13:15
-124.8088 40.3560 18.0400 2.4500 2024-12-06T00:00:53
-124.9015 40.3730 2.8600 2.8600 2024-12-05T23:54:00
-124.2617 40.2168 10.7700 1.1100 2024-12-05T23:53:28
-125.0488 40.4515 0.3000 3.2400 2024-12-05T23:44:48
-123.0560 40.5960 18.9300 2.1700 2024-12-05T23:39:25
-125.1033 40.4698 10.0000 3.2000 2024-12-05T23:34:42
-124.7877 40.3317 14.5000 2.6400 2024-12-05T23:34:32
-125.0082 40.3888 10.0000 3.0300 2024-12-05T23:33:25
-125.0108 40.4012 10.0000 2.9400 2024-12-05T23:31:24
-124.9132 40.3763 16.5100 3.0900 2024-12-05T23:30:30
-124.8628 40.3568 13.2600 2.7300 2024-12-05T23:26:58
-124.8170 40.3262 13.1900 1.9900 2024-12-05T23:24:09
-124.5730 40.3005 20.7100 1.9700 2024-12-05T23:21:33
-124.8010 40.2895 6.1200 1.9300 2024-12-05T23:21:14
-124.9960 40.3790 10.0000 4.1700 2024-12-05T23:17:37
-122.8240 38.8433 1.9200 0.4600 2024-12-05T23:16:52
-124.9213 40.3907 13.8000 3.3900 2024-12-05T23:16:23
-126.1616 40.2241 8.0000 4.0000 2024-12-05T23:16:08
-124.4222 40.3078 9.6300 1.5400 2024-12-05T23:16:05
-122.7938 38.8142 2.1400 1.3300 2024-12-05T23:15:32
-124.8927 40.4063 14.9300 3.2000 2024-12-05T23:13:50
-124.7692 40.3347 10.0400 3.0900 2024-12-05T23:13:43
-124.6107 40.2890 18.5400 1.8500 2024-12-05T23:12:34
-124.3718 40.2975 19.5900 2.1000 2024-12-05T23:07:20
-124.8635 40.3567 10.0000 2.7700 2024-12-05T23:06:50
-124.4308 40.2923 8.8300 2.4900 2024-12-05T23:05:14
-122.7745 38.8115 1.0100 0.2800 2024-12-05T23:04:30
-125.0307 40.3580 3.7000 2.8500 2024-12-05T23:04:27
-124.5257 40.2997 21.3000 2.7000 2024-12-05T23:01:30
-125.0342 40.4217 9.3100 2.8500 2024-12-05T22:59:14
-124.7133 40.3603 17.7500 2.2000 2024-12-05T22:57:19
-124.9830 40.3782 6.7500 2.8300 2024-12-05T22:55:58
-122.8277 38.8430 1.7200 0.5700 2024-12-05T22:52:54
-124.8712 40.3478 8.2900 2.9200 2024-12-05T22:49:04
-124.4983 40.3157 10.0700 2.6200 2024-12-05T22:48:41
-125.0190 40.3697 0.0200 3.4800 2024-12-05T22:45:13
-124.6355 40.3128 20.3300 2.8600 2024-12-05T22:41:24
-122.7577 39.2932 4.3900 0.8200 2024-12-05T22:38:11
-124.5322 40.2947 15.0400 1.8700 2024-12-05T22:37:57
-124.6485 40.3073 17.3000 2.0300 2024-12-05T22:36:29
-124.5607 40.2997 20.1600 1.7500 2024-12-05T22:30:30
-125.0193 40.6625 23.4400 2.3300 2024-12-05T22:30:08
-122.8440 38.8192 2.2800 0.7500 2024-12-05T22:28:46
-124.8082 40.2813 5.7500 2.0000 2024-12-05T22:28:29
-124.8587 40.3688 12.1000 2.8000 2024-12-05T22:27:05
-124.5550 40.3050 8.1600 2.4500 2024-12-05T22:22:54
-124.9195 40.3645 8.2700 2.5400 2024-12-05T22:20:56
-124.8277 40.3293 23.7800 2.5200 2024-12-05T22:20:11
-124.5717 40.3165 15.0500 1.8100 2024-12-05T22:19:27
-124.5872 40.3038 21.2300 2.7400 2024-12-05T22:14:53
-124.6560 40.5470 14.4300 1.9800 2024-12-05T22:14:23
-124.8293 40.3188 13.5500 2.3000 2024-12-05T22:14:08
-124.9283 40.3833 22.0000 2.4400 2024-12-05T22:12:40
-124.5200 40.3013 7.1200 2.1100 2024-12-05T22:10:48
-122.7972 38.8330 2.6200 0.4700 2024-12-05T22:10:20
-125.0035 40.3670 10.0000 3.1200 2024-12-05T22:06:12
-124.5562 40.2925 8.8000 3.3200 2024-12-05T22:04:23
-124.4728 40.2983 17.5100 1.8000 2024-12-05T22:02:53
-124.8542 40.3665 14.8800 2.2900 2024-12-05T22:02:18
-124.8690 40.3145 14.8000 2.2100 2024-12-05T21:58:31
-124.8060 40.4328 11.0600 2.2500 2024-12-05T21:57:37
-124.9645 40.3482 1.3600 2.8500 2024-12-05T21:55:02
-124.9203 40.4073 5.3900 2.9500 2024-12-05T21:52:56
-122.8217 38.8655 1.1500 0.6700 2024-12-05T21:52:47
-124.9197 40.3438 10.0000 3.9900 2024-12-05T21:47:12
-124.8415 40.3242 12.4700 2.2700 2024-12-05T21:43:19
-124.9557 40.3128 14.6600 2.9100 2024-12-05T21:40:30
-125.0182 40.3650 11.4200 2.8300 2024-12-05T21:40:02
-124.5322 40.2907 20.0800 2.3900 2024-12-05T21:35:46
-124.6027 40.3135 20.8200 2.5000 2024-12-05T21:34:49
-124.7908 40.3095 1.7500 2.0400 2024-12-05T21:33:51
-124.6422 40.3070 19.4200 2.8700 2024-12-05T21:31:51
-124.8213 40.3820 6.3500 2.1400 2024-12-05T21:28:43
-124.2165 40.3472 30.5100 2.7200 2024-12-05T21:18:19
-124.7757 40.3803 7.5700 2.8400 2024-12-05T21:16:50
-124.7940 40.4822 5.7800 2.6400 2024-12-05T21:11:46
-124.9198 40.3892 23.9600 2.6000 2024-12-05T21:11:00
-125.0200 40.3585 0.6500 3.3500 2024-12-05T21:08:34
-125.5554 40.2727 10.0000 3.2000 2024-12-05T21:08:28
-124.8632 40.3540 13.2000 3.1600 2024-12-05T21:07:27
-124.4947 40.3027 16.2500 2.1800 2024-12-05T21:05:10
-124.9830 40.3987 24.5500 2.7200 2024-12-05T21:04:33
-122.7663 38.8363 4.6300 0.7000 2024-12-05T21:03:55
-125.2035 40.5512 22.5500 2.7800 2024-12-05T21:02:49
-124.9457 40.3545 16.1600 2.7600 2024-12-05T21:01:54
-122.8052 38.8203 1.7500 1.7900 2024-12-05T21:00:50
-124.8377 40.3390 14.0600 2.1800 2024-12-05T20:58:35
-122.7918 38.8363 1.9500 1.0700 2024-12-05T20:58:00
-124.7983 40.3532 11.6500 2.4600 2024-12-05T20:56:52
-124.6213 40.3208 16.1300 2.1200 2024-12-05T20:54:41
-125.0148 40.3960 13.0000 2.9400 2024-12-05T20:53:57
-125.2588 40.4808 10.0000 2.6000 2024-12-05T20:53:53
-124.9027 40.3182 13.8000 2.6100 2024-12-05T20:50:57
-125.2310 40.3788 14.0800 2.7500 2024-12-05T20:49:42
-124.8395 40.3368 16.5000 2.6000 2024-12-05T20:48:13
-125.1038 40.4087 0.0900 2.9100 2024-12-05T20:46:43
-124.7195 40.3610 10.0900 2.0000 2024-12-05T20:45:59
-124.3970 40.2928 20.8600 1.7700 2024-12-05T20:45:27
-122.7377 38.7690 0.7100 0.3300 2024-12-05T20:43:24
-124.4155 40.3123 8.6700 1.7200 2024-12-05T20:39:28
-125.1273 40.3833 22.9400 3.4800 2024-12-05T20:39:28
-122.7772 38.7920 1.5200 1.0900 2024-12-05T20:35:24
-122.8308 38.8402 1.5600 0.7200 2024-12-05T20:35:01
-122.8362 38.8372 0.9100 1.3100 2024-12-05T20:32:47
-122.8353 38.8370 0.9600 1.3400 2024-12-05T20:32:47
-124.7860 40.3457 21.3500 3.3800 2024-12-05T20:32:32
-124.5992 40.2870 6.0400 3.2000 2024-12-05T20:28:46
-122.8423 38.8323 1.3000 0.2600 2024-12-05T20:25:52
-124.8842 40.3378 7.3900 2.7400 2024-12-05T20:21:04
-124.4860 40.3222 10.7600 2.2900 2024-12-05T20:16:09
-124.8883 40.3508 10.0000 3.4100 2024-12-05T20:12:10
-122.8332 38.8458 1.5200 0.5300 2024-12-05T20:11:42
-124.7917 40.3952 10.0000 2.6600 2024-12-05T20:09:36
-122.8217 38.8400 1.3500 0.5500 2024-12-05T20:06:13
-124.6580 40.3117 7.3200 2.9300 2024-12-05T20:06:08
-124.7560 40.3397 12.4600 4.4300 2024-12-05T20:04:45
-124.9088 40.3403 8.0000 4.0400 2024-12-05T20:04:22
-124.5108 40.4815 25.1500 3.5800 2024-12-05T20:00:21
-124.5075 40.2992 8.2000 3.5100 2024-12-05T19:58:03
-124.8875 40.4212 4.4800 2.8900 2024-12-05T19:57:24
-122.8320 38.8415 1.2500 1.1200 2024-12-05T19:57:18
-122.8372 38.8418 1.6600 0.6000 2024-12-05T19:55:41
-125.1970 40.4342 10.0000 2.8400 2024-12-05T19:55:31
-122.8308 38.8392 2.3300 0.3500 2024-12-05T19:54:58
-122.7885 38.8205 1.1600 1.0900 2024-12-05T19:51:08
-125.6535 40.3637 10.0000 2.7000 2024-12-05T19:48:19
-125.2387 40.4827 2.1700 3.0200 2024-12-05T19:48:18
-124.9967 40.3932 12.8500 3.2400 2024-12-05T19:46:53
-122.7887 38.8198 1.2200 1.2100 2024-12-05T19:45:06
-124.8405 40.3367 14.6300 2.6700 2024-12-05T19:43:03
-122.8298 38.8450 1.9700 0.7500 2024-12-05T19:42:19
-122.8252 38.8412 1.7100 0.7300 2024-12-05T19:41:56
-122.8270 38.8445 1.6000 1.1000 2024-12-05T19:41:20
-122.8307 38.8393 0.4600 0.8500 2024-12-05T19:40:31
-124.9475 40.3490 18.3400 3.6600 2024-12-05T19:38:02
-124.9493 40.3787 10.0000 3.6000 2024-12-05T19:36:38
-122.8522 38.8285 1.5100 1.3900 2024-12-05T19:34:32
-124.7947 40.3368 6.4800 2.8800 2024-12-05T19:31:23
-122.7917 38.8343 1.8900 1.7000 2024-12-05T19:30:51
-124.9948 40.3687 10.0000 3.0900 2024-12-05T19:28:49
-124.7783 40.3337 7.2300 2.9200 2024-12-05T19:26:17
-124.5490 40.3055 13.8800 2.7400 2024-12-05T19:25:38
-124.5605 40.2775 21.7100 2.8300 2024-12-05T19:25:27
-124.7370 40.2813 17.5200 2.3800 2024-12-05T19:25:11
-122.8190 38.8007 2.8900 1.0900 2024-12-05T19:21:23
-124.6802 40.3313 4.3100 3.3800 2024-12-05T19:21:14
-122.8263 38.8450 1.0400 0.7600 2024-12-05T19:21:03
-122.7952 38.8002 2.9800 0.7700 2024-12-05T19:20:53
-124.9975 40.3482 8.4900 2.9600 2024-12-05T19:18:48
-124.7012 40.3602 20.5500 2.9500 2024-12-05T19:18:19
-122.8287 38.8448 1.6600 1.0400 2024-12-05T19:17:55
-122.8358 38.8393 1.4100 0.9900 2024-12-05T19:16:35
-124.8168 40.3757 20.8400 3.1000 2024-12-05T19:15:06
-125.0190 40.3755 10.0000 3.2000 2024-12-05T19:14:43
-122.8235 38.8412 0.3400 1.2900 2024-12-05T19:12:23
-124.9263 40.3470 10.0000 3.5000 2024-12-05T19:10:07
-122.8345 38.8407 1.1400 0.9300 2024-12-05T19:08:32
-122.7510 38.8258 0.0000 0.9000 2024-12-05T19:08:06
-124.6717 40.3253 9.0800 3.7000 2024-12-05T19:05:51
-122.7215 38.7687 1.2300 0.7500 2024-12-05T19:04:36
-122.8342 38.8362 1.1500 0.6300 2024-12-05T19:04:04
-124.8550 40.3700 13.3800 3.1200 2024-12-05T19:02:44
-122.8365 38.8398 1.5800 1.3200 2024-12-05T19:02:39
-122.7680 38.8497 1.0900 1.0000 2024-12-05T19:01:26
-122.8428 38.8363 1.4000 1.1700 2024-12-05T19:00:54
-122.8173 38.8625 0.9500 1.0100 2024-12-05T19:00:08
-122.8370 38.8373 1.0800 0.5900 2024-12-05T18:59:34
-122.8352 38.8403 1.2900 1.0400 2024-12-05T18:59:22
-124.9732 40.3733 10.0000 3.8700 2024-12-05T18:59:01
-122.7958 38.8005 3.0900 1.4100 2024-12-05T18:58:42
-124.5587 40.3043 21.7800 3.5400 2024-12-05T18:57:11
-122.8362 38.8405 1.6300 0.5600 2024-12-05T18:55:58
-122.8412 38.8362 1.5100 1.0300 2024-12-05T18:55:49
-122.7773 38.8267 1.0500 0.5600 2024-12-05T18:55:43
-122.7660 38.8492 1.5500 0.9800 2024-12-05T18:55:20
-122.7680 38.8463 0.3600 1.7700 2024-12-05T18:55:04
-122.8743 38.8253 27.4800 1.2000 2024-12-05T18:54:34
-122.8555 38.8295 1.7400 1.4400 2024-12-05T18:53:53
-122.8315 38.8402 1.7500 0.5000 2024-12-05T18:52:10
-122.7865 38.8112 0.1000 1.7200 2024-12-05T18:51:59
-122.7905 38.8417 2.8100 1.9200 2024-12-05T18:51:41
-122.8528 38.8148 4.6400 1.3000 2024-12-05T18:51:32
-122.7822 38.8357 0.5400 1.5200 2024-12-05T18:51:21
-122.8342 38.8248 0.9000 0.9900 2024-12-05T18:51:02
-122.8480 38.8537 1.2000 2.1600 2024-12-05T18:50:41
-122.8235 38.8422 1.6600 0.7200 2024-12-05T18:49:34
-122.8333 38.8440 0.9000 1.7800 2024-12-05T18:49:25
-122.7807 38.8452 0.9300 2.5200 2024-12-05T18:48:58
-122.7615 38.7900 1.0900 2.3800 2024-12-05T18:48:34
-122.8303 38.8362 2.2600 2.1300 2024-12-05T18:48:27
-122.8270 38.8435 0.9500 2.3300 2024-12-05T18:48:14
-124.4557 40.4435 24.9900 3.7500 2024-12-05T18:48:06
-122.7982 38.8807 4.2300 1.8000 2024-12-05T18:48:05
-122.8270 38.8442 0.4100 4.2700 2024-12-05T18:47:36
-124.9150 40.3490 12.5100 4.6700 2024-12-05T18:46:29
-122.8015 38.8018 2.6000 3.8600 2024-12-05T18:46:10
