-68.5038 10.5085 13.2400 4.3000 2026-06-29T17:58:20
-66.7938 10.7743 10.0000 4.6000 2026-06-29T11:01:02
-68.4852 10.4907 10.0000 4.3000 2026-06-28T09:33:59
-68.3699 10.6091 10.0000 4.5000 2026-06-28T08:46:09
-67.6133 10.6767 10.0000 4.8000 2026-06-27T19:20:37
-67.0541 10.6024 10.0000 4.3000 2026-06-27T14:23:39
-67.6011 10.7968 10.0000 4.7000 2026-06-26T22:16:11
-68.4278 10.4864 10.0000 4.4000 2026-06-26T04:19:30
-68.2604 10.5458 10.0000 4.3000 2026-06-25T10:29:38
-67.4507 10.6014 10.0000 4.4000 2026-06-25T07:48:51
-66.7831 10.7063 10.0000 4.4000 2026-06-25T05:48:25
-67.0282 10.8819 10.0000 5.0000 2026-06-24T22:54:00
-67.1675 10.9006 10.0000 4.5000 2026-06-24T22:23:57
-67.1935 10.6221 10.0000 7.5000 2026-06-24T22:05:03
