159.0129 50.9192
158.9304 50.4253
160.0982 52.9277
160.1257 51.6920
160.4302 52.3552
160.4024 52.2394
161.1957 51.8921
160.2739 52.1847
159.5267 49.9060
161.4937 51.9347
157.8883 49.2125
160.4463 51.5015
160.6475 51.3386
160.6467 52.0883
160.7032 51.2935
159.6624 51.5009
160.2527 52.8770
158.6507 52.2937
162.1129 53.6168
160.5281 53.1058
157.6864 49.9891
160.8177 51.6201
161.2928 53.2217
159.4438 51.0955
160.7510 51.4030
159.8915 51.7149
160.7010 51.9947
159.5999 51.3466
158.2134 50.1719
158.2487 50.3926
158.7069 51.1210
159.6505 51.3999
159.8114 51.6249
160.6832 52.5356
160.4426 52.1092
158.7013 51.1257
160.0691 49.6341
161.5997 52.1290
160.5927 52.1594
159.5050 51.4203
157.9105 50.5041
158.5233 50.3392
158.2162 50.5209
158.6931 50.3895
168.4951 53.2864
157.6733 49.8939
161.3132 51.7832
158.8063 49.7710
161.0675 51.3950
161.4750 51.8691
159.0230 50.3444
158.3678 50.6392
160.4604 52.0143
160.2727 51.6656
160.3324 52.3150
157.2521 50.1937
160.5399 52.5306
161.0786 52.4060
160.1635 52.3824
160.3119 52.2338
157.9673 50.7671
160.2222 51.6356
160.1579 52.2569
160.0998 51.8821
157.3035 49.3466
160.6289 51.3124
159.7982 51.3799
159.9153 51.5318
157.2986 50.3763
161.1201 51.4227
158.6348 50.2263
159.4281 51.8350
160.0847 52.2730
160.8405 52.7724
158.8900 51.1091
158.5086 51.2727
159.7431 51.4578
160.9770 51.3629
157.9737 49.2860
158.3137 50.9847
159.0675 51.2541
159.0850 50.9503
155.8422 48.9497
157.5499 48.5461
162.1056 52.3300
158.1099 49.9421
157.9449 50.7370
158.3167 49.7002
160.5014 52.5477
160.6701 52.1637
160.3489 52.1572
157.4303 48.4937
159.9964 52.4202
159.2945 51.8688
158.4131 51.4736
161.0129 51.3210
158.1827 50.1720
157.3413 50.1175
156.2726 49.0982
160.0257 51.6779
158.4650 50.6173
159.1692 50.2465
160.1850 52.2856
159.0676 51.0766
156.2966 49.2197
159.7239 51.3451
159.5188 51.0642
159.3382 51.7592
158.5795 50.1570
161.1404 51.4140
158.3609 50.0851
158.9110 50.1825
160.6691 52.2617
159.5548 51.2485
158.6169 51.2059
157.9788 50.5179
160.0888 51.5803
160.5287 51.3119
156.9120 49.8661
159.5447 51.1468
159.7044 51.3320
160.6634 52.3102
159.4489 51.9383
159.2507 51.6218
160.1888 51.9219
157.5813 48.6505
156.7144 49.6295
160.4546 52.2855
161.5776 51.9732
158.2095 50.0735
159.6083 51.3500
158.8486 50.1604
158.3665 50.0861
156.3666 48.8586
159.6201 51.4867
159.3289 51.4311
159.8638 51.9812
158.3352 50.2297
157.3698 49.3583
159.4917 51.4570
159.5305 51.6023
159.5529 51.6269
160.7083 51.6721
159.0870 51.2863
158.9950 50.8196
160.7206 52.7357
160.5270 52.5424
158.7342 50.3592
160.2293 52.7805
159.1375 51.5344
160.6475 52.6226
160.2086 50.7426
155.4251 48.8347
158.5882 49.2367
160.5594 52.3212
160.6238 52.3724
160.4179 52.4126
161.2335 51.4135
160.5315 52.6468
161.1532 52.4216
157.1438 49.9629
159.5390 50.0186
160.8387 52.1916
159.5352 51.5651
159.5665 50.0476
160.5927 52.1311
159.3669 51.5640
158.7380 51.1233
160.5642 52.4344
159.0741 51.8530
160.8984 51.4368
159.8475 51.7915
158.8955 50.2411
160.9573 52.5460
160.6678 52.4978
161.2126 51.3015
159.0342 51.5991
159.8440 51.7660
160.9786 52.5119
157.1431 50.3139
161.6454 53.2871
159.7477 49.9712
160.4261 52.1808
161.1637 51.4434
161.3969 51.5793
161.0624 51.5273
160.1211 51.8159
157.9168 49.0866
157.9360 50.4088
160.7572 52.3341
160.6912 52.4283
159.3673 51.2479
159.1358 50.2270
160.2336 51.6948
159.5324 50.2744
159.0682 50.3111
159.4326 50.0408
158.8016 50.3965
158.9038 50.4204
158.9868 50.2859
159.0167 50.2826
157.1933 49.8206
160.8543 52.2440
158.6144 50.8617
158.5853 50.3704
159.9497 50.7604
159.0052 50.9094
160.2730 50.8267
158.9455 50.1614
158.0204 50.7266
158.6797 50.8744
161.6613 51.9869
157.8643 50.5088
159.5085 51.6151
157.8147 50.6681
159.2863 51.8445
161.0597 51.4172
158.0024 50.6175
157.4971 48.6113
157.5274 49.2985
157.8643 50.5853
161.4989 53.5468
160.2459 52.1276
162.3730 56.3735
158.9827 50.7630
160.1233 51.9140
158.5497 51.0992
158.8847 50.1621
158.0205 50.4064
161.1540 51.5370
160.5575 52.4464
157.6330 50.5000
159.0254 51.0313
161.9981 52.3220
160.8182 53.1649
159.7026 51.4610
159.7334 51.4892
160.3175 52.6319
160.2803 51.7976
159.7586 51.5831
158.2444 50.3131
160.3259 52.3226
158.4395 50.3078
158.3979 50.3317
161.9899 52.4948
159.5896 51.4214
159.6724 51.5482
159.6445 51.3206
160.1337 52.2317
159.1340 50.3301
159.9547 51.9185
159.5546 51.4960
158.7601 50.3453
159.0612 50.1947
160.8939 51.4447
159.7647 50.5297
160.9167 51.3729
159.0888 50.2511
158.7994 50.3121
160.4299 52.2702
157.3988 48.6614
159.4375 51.2851
159.9977 50.8117
159.9379 52.1609
159.2558 51.3019
160.0723 50.8157
159.8964 51.6296
155.5120 48.4313
159.7335 51.4836
160.0534 51.6685
159.7450 51.4759
159.7880 51.5880
160.1429 51.3157
159.5993 51.6380
159.4631 51.5911
159.2446 51.1533
160.3235 52.2614
159.9049 51.7306
159.7699 51.6744
159.2626 50.3063
159.1208 50.4259
156.4101 49.2150
158.7853 51.2982
159.5838 51.6114
159.5842 51.5576
159.6045 51.5932
160.2326 52.2860
159.8264 51.2743
160.3005 51.7765
159.8847 50.5727
160.6277 52.1871
159.7403 51.0604
157.8409 49.1823
159.0823 51.2524
159.1222 50.1902
160.7404 52.2797
160.3142 52.0942
158.6402 51.5116
159.5901 51.7882
158.8473 51.0842
159.2093 51.8244
160.0484 51.8234
161.3522 51.9929
159.4974 51.5283
160.0336 50.4323
158.0894 49.0132
157.1885 49.9279
159.3619 51.7473
160.5281 52.6830
159.4416 49.9806
160.7425 52.1932
160.2649 51.9805
160.4042 52.2410
156.3627 49.3716
160.6974 52.6084
159.1854 51.2150
159.6687 51.2783
161.2628 52.3278
156.5677 49.8313
161.9184 52.8619
160.4874 52.3592
155.8154 49.0048
159.2361 51.0072
159.4558 50.3220
160.6735 52.7995
156.3492 49.2126
157.0212 49.8310
159.2082 51.0514
160.4646 52.3606
156.9021 49.7987
159.5148 50.4326
157.7444 50.1888
159.2430 50.0176
160.2414 51.8027
156.2686 49.0746
158.7407 51.4339
158.0758 50.6570
160.0568 51.6034
159.5146 50.0506
159.0998 50.2768
160.2850 52.2331
159.7088 51.8740
160.2634 52.2794
159.7842 51.2196
160.7421 52.2516
160.7874 52.1725
157.9377 50.4325
159.1275 51.8277
160.5796 51.6058
158.7091 50.3290
158.4230 49.8192
160.2698 52.1037
156.0024 49.4078
160.7987 51.9767
157.7640 50.0928
159.5325 51.4128
160.2437 52.1576
159.0050 50.3244
159.4346 51.7773
159.8108 51.5168
158.8000 51.0181
160.9987 51.7184
158.6883 51.6292
158.5847 50.7234
158.6584 50.3316
160.6186 52.4419
158.9085 50.3702
159.2095 51.2461
159.1684 51.6923
159.4915 49.7442
159.0513 50.1730
161.4392 52.7977
160.7756 52.2865
160.1533 52.1506
159.3224 50.1629
158.8601 50.0326
160.6678 52.4000
160.6079 52.2305
158.8164 50.3762
159.0659 50.2099
159.2389 52.0022
158.3757 50.6975
159.6639 50.3103
159.3788 51.1834
158.8451 52.7014
161.1151 52.2098
157.0791 50.3543
158.4247 49.9782
159.6470 51.4961
160.6908 54.4002
157.5025 49.8279
160.5511 51.9644
160.6769 52.3722
159.4483 50.2200
160.4498 54.5816
160.0174 54.6742
159.6183 50.2483
160.2454 54.6812
159.4667 49.9680
160.4383 54.6117
158.6292 51.0504
159.6059 51.8250
159.4248 50.1143
159.9452 54.8264
156.3941 49.2099
160.2387 54.5675
158.9068 49.4694
159.2399 50.3753
160.2488 54.6935
160.3007 54.5521
157.0695 50.0383
160.0941 54.7679
160.1378 54.8415
161.4460 53.4486
160.0911 50.8282
159.5849 51.6411
160.2809 54.6343
158.9610 49.9056
158.3749 51.9877
159.5699 50.3429
160.7032 52.5984
158.2612 51.1622
160.1692 54.7858
160.5343 52.3971
160.4206 54.6464
159.9272 52.2207
160.1413 54.6966
160.2415 54.7831
157.5844 48.4780
158.7707 51.6032
159.5150 51.3569
159.9750 51.3779
160.1081 51.8609
160.2389 54.7442
160.5071 52.1633
159.7249 51.9687
159.0956 51.5708
160.7463 52.4567
160.0431 51.7269
157.9132 49.4262
160.2440 52.5010
159.3876 51.3825
159.6425 50.3058
161.8006 52.5238
160.7370 52.4521
156.8591 49.9825
159.4509 50.0007
157.8481 50.5270
158.3310 49.9763
160.6021 52.0394
159.0300 49.9090
159.7070 51.8450
161.2541 51.8851
159.1547 51.2831
160.6430 52.8617
157.2859 48.6128
159.3602 51.4746
159.8844 51.3801
159.8999 50.9821
158.6591 50.2248
157.9298 49.4418
160.0361 52.7100
160.1460 52.8059
158.5035 51.2305
160.1578 51.8442
159.3006 51.8356
159.2523 50.9601
159.4549 51.9493
160.4217 51.7662
158.2288 50.5974
158.9493 50.2231
157.8292 50.0075
161.3549 51.8869
161.6881 52.4051
159.8052 51.4709
157.9027 50.0292
161.8518 53.4327
159.9301 52.3720
159.4184 50.0369
158.7269 50.9661
155.9545 49.5484
158.7716 50.8792
157.4251 48.6211
159.6239 51.1538
161.2018 51.8198
158.1272 50.6538
161.1661 51.5401
158.1956 51.0066
157.0846 49.7788
160.2269 51.8377
161.3167 52.8860
159.3325 51.5708
157.3390 50.0155
161.5172 51.9095
161.5807 52.0987
157.9655 49.6406
158.3841 51.0719
158.1252 50.2986
160.3504 51.9812
160.2449 52.1141
157.4532 50.0516
161.0889 52.8200
161.3826 52.8110
158.8894 51.0821
160.5197 52.4134
157.9200 49.0127
156.6463 49.5599
161.1811 52.6353
159.6653 51.8242
159.3639 49.8564
159.6599 50.1081
161.1872 52.8221
159.2549 51.5437
159.1397 51.3320
157.9461 50.5344
161.3073 52.8321
157.9060 49.8370
157.7258 49.2422
158.5308 49.5624
158.1563 50.3943
159.2754 50.5716
161.0674 52.7010
160.8717 51.8377
159.6250 50.3319
159.6208 49.6921
161.0265 52.0273
160.6197 51.7308
159.7450 51.0967
160.9140 53.1257
158.9288 51.2677
157.3946 49.7530
159.6050 51.8479
160.6646 52.2835
157.7232 49.1386
159.5252 51.6328
159.4854 51.3905
158.0317 49.0849
158.3175 51.2231
159.3358 51.6238
157.6686 50.3822
157.5701 49.1761
155.2230 49.2887
157.7736 49.0807
160.9806 52.5859
161.3413 53.1798
160.9769 52.8179
160.2931 51.3367
160.4960 52.3909
157.9873 50.5924
160.9180 53.0146
160.8506 51.9590
159.2436 52.0133
158.9113 51.2092
159.5890 51.3546
157.6072 49.1712
159.4431 51.5449
160.0970 50.7010
160.0355 50.6596
160.9803 52.8908
158.6245 50.3690
160.8556 53.3411
161.1399 52.9657
156.0509 49.2104
158.4205 49.9721
160.3791 51.8525
159.5570 51.5450
159.3253 51.6047
160.4615 52.0422
157.5095 49.9425
160.3203 52.3073
159.6580 51.6425
159.6747 50.2881
160.6406 51.6050
159.6614 51.6612
158.5930 51.7806
159.4064 51.2824
157.4172 50.4377
159.1702 52.1927
159.0421 51.3143
159.6286 51.4654
159.3120 51.8115
158.4115 49.9413
160.8599 51.0765
158.6765 50.9313
159.2551 50.5498
160.4263 52.3423
159.8657 52.8287
159.8887 51.6119
160.0065 51.3884
158.1706 50.3286
160.9570 52.4269
160.6470 52.1177
159.8294 51.5870
157.8674 50.7367
159.7297 51.6419
159.8305 51.7307
159.7308 50.4242
160.1874 52.2686
159.6614 51.5978
160.7212 52.5625
159.4811 51.6577
160.6254 52.3254
156.7628 50.0802
159.2589 50.3840
158.5194 49.6283
159.7547 50.1135
157.9910 49.8638
161.0875 51.9748
160.5050 52.3776
159.2207 50.3621
158.4543 49.5190
160.3720 51.8911
157.6571 50.3116
155.2050 48.2579
159.8766 51.5075
159.5939 51.6714
157.2741 50.0822
159.5968 51.4150
159.3019 51.2616
160.6606 51.6828
159.5000 50.6982
158.8548 51.2808
157.6478 49.6716
160.8781 52.5990
160.8807 52.4746
160.8602 52.4878
160.5304 53.0919
160.1440 51.6343
156.7439 49.5558
159.7703 50.3954
160.0414 52.1980
157.2437 50.4576
159.5113 51.5321
159.5243 51.5499
157.7286 49.1729
160.3180 52.0060
157.7330 48.8154
159.4698 51.1599
158.5438 50.2685
159.3566 51.5486
159.9538 51.0705
158.3914 50.2966
161.3074 52.1464
160.8827 52.7173
158.4613 49.5590
160.9790 52.5477
157.5320 50.6811
159.5088 49.8591
160.9470 52.1093
157.0641 49.9466
160.3231 51.8397
160.4567 52.0848
161.8944 52.3332
160.3445 51.8554
159.4133 51.8394
158.6172 50.5617
158.8180 50.4731
161.4144 52.1637
160.8481 52.3267
159.9106 50.9438
159.4207 51.4325
159.6365 51.9639
158.7017 49.8616
160.8437 51.8258
158.3634 50.9353
157.4706 49.8710
158.6407 50.8477
157.8451 49.2129
158.4085 51.2199
159.7905 50.4915
157.8044 49.2208
159.3697 51.7195
158.1456 51.2586
160.5619 52.3185
158.7768 50.8650
161.5303 52.3277
156.4616 49.7989
159.1082 50.9532
159.5098 50.2853
160.6326 52.5710
157.6676 49.3543
156.4150 49.2109
159.8130 52.1523
159.7691 51.3663
160.6528 52.8133
157.6286 50.1987
159.6767 51.4563
159.0291 49.6504
159.3625 50.4276
161.1066 52.8728
159.9576 51.2300
157.0068 49.8442
157.5500 50.2380
157.9498 50.2045
161.0865 52.8668
160.6055 52.6604
158.6499 49.5000
158.6701 50.1960
159.9770 50.4997
157.6586 50.1568
160.5002 52.1417
159.5658 50.7887
160.7574 52.0239
158.8605 50.7947
158.9037 51.3455
160.7829 52.3294
159.4095 51.3285
157.2466 50.2202
157.6496 50.0285
159.4420 51.1456
159.3951 51.4375
159.4919 51.4138
156.7675 50.2784
159.5006 51.3867
158.5236 51.5969
157.3583 48.5608
161.0190 51.4159
157.6954 50.6741
159.1931 51.4040
158.5078 51.2896
160.4775 52.8834
156.1015 48.8986
159.8462 51.4159
159.0487 51.0869
158.8437 50.0896
160.6649 52.7231
160.9509 51.8762
159.1596 51.8309
158.3331 50.8934
160.0855 51.7884
160.5443 52.2964
159.0480 51.2404
161.0691 51.8876
155.4731 49.6322
156.5584 49.6092
160.5809 51.9702
156.4320 49.5224
159.5367 50.3652
157.8240 49.0173
160.3305 51.5505
161.4508 52.1567
160.4702 52.3820
159.4751 51.2567
157.2624 49.9576
159.5088 51.7021
158.6013 51.0353
160.3989 51.3626
158.1070 49.9353
159.0757 51.3415
159.3382 51.0335
159.0013 51.6248
160.6075 52.2917
160.7965 52.4633
160.2141 52.4488
159.3689 51.3484
160.7493 52.4633
159.6993 51.3487
159.6948 51.5314
157.8330 51.0052
157.4589 48.6205
158.6693 50.2440
158.7095 50.2456
159.4274 51.7623
159.1235 51.6753
159.2102 51.7541
160.7731 52.3854
160.6574 51.5882
159.7668 51.1177
160.9796 52.2013
159.1619 51.1923
157.9862 50.6683
160.5661 52.2697
158.8166 50.7997
160.3738 52.1655
158.1486 50.2982
160.7605 51.1532
159.9191 51.4360
158.6141 50.9945
160.7465 52.4163
158.8552 51.5195
158.2756 49.9828
159.8419 51.5134
158.2996 49.8937
159.4998 51.5494
160.7681 52.4118
157.2811 49.7593
160.6851 52.2952
160.5016 52.1981
158.4337 50.3119
156.6862 49.2862
159.0182 51.0905
160.1627 52.2259
159.6095 51.8128
160.2948 52.7157
160.2649 52.2321
160.9980 52.4865
156.2055 49.1492
157.3473 49.9908
158.6547 51.1013
159.3872 51.3378
158.7351 50.7971
160.0971 52.0766
157.5936 49.9086
161.1360 51.9229
157.5188 50.0368
158.6625 49.4969
159.3405 51.4632
156.5478 50.7054
157.2969 49.4452
159.4145 50.1047
156.3752 48.9197
158.9095 50.6250
160.1862 51.7892
161.2612 53.0958
160.9855 51.5092
161.4418 52.1653
159.5752 51.4032
158.9338 51.3461
160.4765 51.8928
161.1368 52.8466
159.7305 52.1538
159.1394 50.9242
160.4931 52.1436
159.7874 51.6657
157.0046 50.2590
158.9547 51.3725
159.2636 51.2307
158.3396 51.8718
159.4027 51.7540
159.4764 51.3493
158.7830 50.5549
159.5998 51.6259
159.0378 51.1350
159.5839 51.3292
159.6883 51.3983
158.4461 50.2550
159.8494 52.0672
160.5939 52.2616
160.7803 51.4083
159.4324 50.2492
160.3010 51.4523
159.8055 50.7737
160.5723 51.7720
160.2423 52.3330
156.4662 49.1775
158.7660 50.4410
159.7095 51.4902
157.5735 50.2957
158.3223 50.7677
160.2686 52.0358
159.7792 51.1380
158.5587 51.1490
158.9527 50.3222
160.5322 52.2980
160.0300 52.1490
160.8152 52.5473
157.7129 49.8415
157.7946 49.5765
161.5813 52.6177
158.0148 49.9439
159.3074 51.1777
157.2101 50.6519
160.2687 52.1256
156.6867 49.9860
159.2957 51.8196
159.5689 51.4177
160.7280 52.4831
156.6480 49.4127
157.4616 49.8856
160.0768 51.6421
157.2667 49.9809
157.5715 49.8958
157.3719 49.6348
158.2839 51.0136
159.7368 50.4224
159.6915 53.0026
160.2225 52.3794
155.2219 50.1159
159.1987 50.6226
159.5821 51.3743
158.3908 50.3809
158.4049 50.9774
161.4827 52.0922
157.2746 49.6696
159.9680 51.4713
160.8378 51.8051
160.2028 52.5570
159.4171 51.4509
161.8002 52.4346
161.5163 52.4820
161.5487 51.8308
157.5526 49.7494
160.7893 52.9538
160.6594 51.6955
158.7471 51.3574
160.0520 50.6852
155.6578 49.1206
157.3568 49.9381
158.7089 51.0919
158.8749 51.0631
160.1775 52.3289
157.4213 50.2184
160.7500 52.2349
159.9132 50.6307
158.9964 51.1882
158.0856 50.3387
160.2824 52.0488
160.6506 52.4386
159.4199 50.8439
157.7699 50.0671
156.2107 48.7738
158.0763 52.2875
160.6052 52.5217
156.1798 48.9896
157.2083 50.1142
159.7448 51.4190
159.6090 51.6342
159.8501 51.2911
158.7514 50.1129
159.6258 51.5777
159.1470 51.1304
161.5490 52.7373
159.8556 51.6696
160.9531 52.6811
160.5654 51.8879
160.7737 52.2925
159.3009 51.7371
160.2758 52.3337
157.2372 49.9298
160.8605 52.8515
161.5162 52.3165
160.8020 52.5233
158.3911 51.5411
158.6814 50.8403
160.2228 52.2023
158.6277 51.4051
161.1570 52.6478
157.0102 50.3372
159.1933 51.6947
159.0490 51.3262
159.2978 51.4392
161.1593 52.5197
159.9664 52.3058
160.2333 52.5731
160.2014 52.7024
156.3518 49.9080
160.7599 52.4792
160.5133 52.1770
158.2148 53.8028
160.6764 52.4856
159.4160 51.9130
160.1839 51.8676
160.3138 52.1052
159.8899 52.9192
157.5320 49.8985
158.3374 50.2468
158.0192 51.0697
160.4813 52.0221
160.6702 52.5755
159.4426 51.5078
159.1032 51.3410
160.0054 52.3091
159.5518 51.4402
156.5101 49.1596
160.3640 52.2522
158.3035 50.4387
156.7413 49.7220
159.3804 51.7295
159.0621 51.0430
159.7399 51.7781
158.5209 51.0085
157.0971 49.8497
160.5803 52.4067
162.2210 52.2406
160.4299 52.6480
160.0252 51.5588
158.2388 50.9032
159.6404 51.5660
161.0573 52.0097
156.0534 48.9640
159.7297 51.4621
160.8335 52.2804
159.3263 51.0052
158.1906 50.4420
159.3338 51.6609
157.5322 49.5793
157.8383 50.9330
159.5550 51.4268
157.5905 49.8529
160.6807 52.4282
158.5442 50.9309
158.8756 50.3159
160.4286 52.2073
159.0636 51.6705
160.3350 52.0022
159.6584 51.3533
159.8409 52.0813
161.1627 52.1012
158.9402 50.5767
155.9025 48.8812
159.9063 52.6618
161.1930 52.2758
160.9610 52.4535
160.0455 51.5876
160.7464 52.3390
157.4111 50.9031
160.5132 52.1154
160.3660 52.3504
160.6111 52.2299
159.6768 51.3138
160.0013 51.6041
160.8089 52.2549
161.0574 52.1346
160.0237 52.3331
160.8410 52.2109
160.7119 52.1538
159.4940 51.1714
158.2490 50.9933
161.6361 52.3877
157.6116 50.1512
159.6064 51.7276
159.3584 51.9508
156.6007 49.7696
160.1260 52.2630
160.3283 52.6033
160.4985 51.8288
160.4163 51.8491
157.3479 50.5441
159.4387 51.3730
159.8877 51.6804
160.1100 51.6576
158.2431 51.4931
160.3074 51.7803
159.1921 51.1324
160.4705 52.3361
158.3431 51.4088
159.2897 51.1493
159.3177 50.9991
157.7339 49.8707
160.9417 52.6104
158.1232 50.3851
159.4736 51.5556
157.3196 50.3229
158.9758 50.9796
159.9883 52.0687
159.0694 51.1329
160.7673 52.3976
160.8273 52.5031
160.2637 50.5404
156.1093 48.9678
159.3391 51.5041
159.8280 51.4405
160.6683 52.5168
158.9883 51.3451
160.1481 51.7520
160.4842 52.4647
159.6950 51.6484
159.5178 51.7686
159.3946 51.6326
159.4812 51.1354
157.7630 50.1315
157.5620 49.9338
159.5556 52.1986
158.6437 51.4034
160.4888 52.3704
159.3992 51.6429
158.9046 49.8000
158.5127 50.7670
159.6997 51.4181
160.3343 51.6197
156.8116 48.1020
160.8381 52.3793
160.7368 52.2962
156.7199 50.0134
158.0179 51.4756
156.3010 48.8612
158.3890 51.0231
160.5938 51.9723
161.0989 52.0917
158.2866 50.7248
159.7347 51.3184
159.6447 51.4111
158.7285 51.3993
157.1007 50.2564
159.5101 51.7165
159.7239 51.3084
160.3335 52.1470
156.1011 49.0097
160.1171 51.3310
160.3558 52.2029
156.2578 49.0812
159.9053 51.6830
159.6289 50.7164
160.1341 52.1431
158.9781 51.2507
160.9779 52.4082
157.8615 50.9755
160.4213 52.0546
159.3740 50.9878
158.9506 51.3402
160.8662 52.7639
158.4460 51.0438
159.6566 51.5020
159.5190 51.4757
158.2602 51.0843
160.2713 52.3124
157.9778 50.9300
160.3121 52.3340
160.8620 52.5061
160.7992 52.2369
158.9278 51.0846
158.8990 51.2127
158.4987 51.2325
157.2160 50.1210
159.0909 51.5614
158.5559 50.1684
160.2155 51.9802
159.5543 52.2899
159.4455 51.4789
159.6915 51.5004
159.2193 50.9945
160.3935 51.9883
160.7750 52.8770
160.0687 53.1638
160.2752 52.3518
159.2403 51.9186
160.4373 51.8382
159.0006 50.4496
158.9274 50.8559
158.7914 51.2910
160.8164 52.5815
159.6812 51.3760
159.7868 51.1875
160.8111 52.4476
159.6402 51.2367
159.8356 51.5352
158.7086 51.5628
158.7366 51.4188
158.7659 50.8384
160.3460 52.5009
159.5999 51.8140
159.9783 51.0576
157.3502 50.2127
157.3962 50.0903
157.9712 50.7225
159.3155 51.3683
159.6254 51.2578
160.1375 51.8831
158.9410 51.0980
159.9705 51.4833
160.8792 52.6102
158.0622 50.6179
160.4659 52.1584
158.2101 51.1203
159.1432 51.6310
156.9729 49.3466
160.2105 52.4316
158.3323 50.2840
158.6892 49.2759
158.2957 50.9796
159.7298 52.2784
159.8127 51.1370
160.3469 52.2352
158.9383 50.9761
161.2101 51.4587
157.9433 50.1538
158.7706 51.0086
156.5319 49.3297
159.3701 51.6515
158.1903 51.5999
157.2531 50.1601
160.0144 51.5145
158.0272 50.2153
159.9407 52.2192
158.4395 51.3058
158.8265 51.0239
158.1973 51.0980
161.0820 51.6771
159.0953 51.4551
160.7237 52.4970
160.0947 51.1853
156.9310 51.3628
158.1625 50.2924
157.0665 49.9700
158.3403 50.4294
160.4161 52.1293
159.3719 51.7872
157.7594 50.4798
156.0573 49.1808
160.2710 51.5665
159.2380 51.2532
157.6929 50.5943
160.3900 52.3254
159.5294 51.6417
158.1262 50.1652
160.5380 51.8830
159.8164 51.5043
159.1797 51.8385
160.2154 52.2197
159.0797 50.8553
157.3207 49.6826
160.8644 52.7151
160.8815 52.8756
159.3090 51.7321
159.4949 51.1902
160.9578 52.8384
160.6137 52.5349
159.5427 53.0811
158.1246 50.9809
158.8419 50.8059
159.4718 51.5092
158.0693 50.3980
159.5179 51.6973
160.2624 52.3296
161.3435 52.2064
158.9044 51.6283
157.2242 49.9492
157.6924 51.7982
157.1683 49.2196
156.6202 49.4212
159.3450 51.0898
159.5352 51.8194
159.6189 52.2343
157.9922 49.8435
159.6807 51.1059
157.4403 49.8278
157.4441 50.6541
162.0791 52.1134
159.2382 52.0961
159.2461 51.4984
160.6391 52.7758
159.1609 51.7012
160.9005 52.9130
157.7638 50.5746
159.8143 52.2925
158.6285 50.9478
159.2047 50.9759
158.9000 51.3202
157.9071 50.6190
158.5559 50.8759
157.6078 50.1030
157.3539 49.8017
160.5416 52.1106
159.7504 52.3363
158.4100 50.2371
158.4075 50.9898
160.5727 52.4912
160.5181 50.9224
160.4571 52.1570
159.3075 51.6833
159.0552 50.7660
157.4751 50.5753
160.0372 52.1663
157.2929 50.1868
160.5930 51.9929
158.3088 51.0169
160.5955 52.2850
159.4824 51.3465
158.8091 51.8021
157.8554 50.4604
158.8957 51.1809
160.0639 52.3181
159.5587 51.6098
158.9139 51.8040
160.2949 53.4962
158.3248 50.9466
159.3432 51.6531
158.0752 52.2594
160.5659 52.5706
160.1565 52.6369
157.4450 50.1777
159.5434 51.4337
157.9756 50.5956
155.9504 49.2559
157.4975 50.5721
158.7160 51.0629
160.0971 52.3380
159.6171 52.0620
157.1493 50.7446
160.0652 52.3284
158.5719 51.1774
158.8083 51.6577
159.5148 51.7340
159.6648 51.4017
159.8996 51.5850
159.4382 51.5818
159.1846 51.5583
160.2341 52.5660
161.3322 51.9332
159.0146 51.7491
159.2399 51.9108
158.0584 50.7638
159.1092 51.4871
158.8994 51.7073
159.5402 50.9075
159.2550 51.9131
157.9077 52.5274
158.8515 51.2110
160.1487 52.3338
158.2404 52.3363
158.4846 51.0322
160.2184 51.8231
158.4725 51.2842
158.6593 50.9849
159.8921 52.2812
159.5442 51.8385
158.5045 51.0064
159.2701 52.6654
157.5188 50.4486
159.6920 52.1048
159.7633 52.1516
159.8227 51.7857
159.8008 52.1946
159.5076 51.6796
159.2254 51.6403
159.5625 51.9301
159.3025 51.4077
159.0030 52.5004
160.0392 52.0603
159.8402 51.3443
157.3640 50.3027
158.3695 50.1538
159.5784 51.5480
156.4018 49.1548
158.7836 50.8049
159.1169 50.4763
159.4668 51.3940
158.3042 50.7772
160.2137 51.1330
158.2852 51.4327
160.2382 52.6478
159.2493 53.3099
160.1586 51.7599
156.1591 49.4264
160.1908 51.8275
159.6054 51.6288
157.7211 50.8173
159.1555 51.5974
156.5191 49.2988
159.0547 51.0614
159.5397 52.3144
159.1260 51.5092
158.2503 51.7541
159.1210 51.8593
160.4312 53.6650
159.5787 52.6498
159.7031 52.5195
