161.1933 52.8882
161.1469 52.7405
160.6110 52.8110
161.1095 53.2505
161.2303 52.9578
160.7470 52.3235
161.3239 53.0284
161.2282 52.9529
161.0048 53.1770
161.1133 52.9886
160.6361 52.4048
161.0584 53.1568
160.8878 52.3105
160.9047 52.4376
161.1212 53.2985
160.3204 52.6512
161.3161 53.0606
161.2571 52.9794
161.1149 53.0078
160.6940 52.6158
161.3204 53.0062
160.1217 52.7620
161.1981 52.9891
160.8246 53.2463
161.0744 53.0767
161.0749 52.9672
160.7567 53.0157
161.1977 52.6491
161.1634 53.0270
161.1630 52.8196
161.2426 53.0393
160.9455 52.7497
160.9939 53.0106
161.2610 53.0705
161.3613 52.6973
161.2970 52.8626
161.2899 52.7660
161.2738 52.9914
161.0863 52.9584
161.0626 53.0151
159.8686 51.7528
160.5753 52.7532
160.3639 52.1296
160.6432 52.5018
160.7329 52.4876
160.1905 51.8666
160.1743 51.6119
159.7792 51.1389
160.3396 52.2582
160.2142 52.2457
160.9520 52.7766
160.6684 52.4740
160.7739 52.6665
161.0062 52.9110
160.9851 52.6923
160.4883 52.5518
160.0866 52.4804
160.4547 52.1893
160.4200 52.2371
160.9343 53.2820
160.7363 52.3837
160.5072 52.0852
160.6201 52.9150
159.7321 51.6393
160.1833 52.5181
160.5551 52.9570
161.2734 52.8924
160.0515 52.8077
160.3053 52.0084
160.8431 52.9133
160.5144 52.3125
161.1326 53.1746
160.7526 52.5732
160.0663 52.8052
160.8023 52.3710
160.8160 52.8406
160.7007 52.2253
160.6252 52.8593
160.5854 52.4984
160.5487 52.9781
160.6815 52.3404
160.8102 52.1821
160.8119 52.7127
160.6529 52.4882
161.0192 52.4658
160.5831 53.1959
160.2984 52.0062
160.8824 52.6587
160.5199 52.1648
160.7338 52.5533
160.7550 52.5738
160.7178 52.4597
160.8244 52.3861
160.4482 52.3028
160.4750 52.2071
160.4766 51.6777
160.7508 52.3334
160.3837 51.9391
160.8231 52.4341
160.2982 52.2027
160.4936 52.3501
160.0780 51.4749
160.7110 52.6220
160.6156 51.7423
160.4770 52.2263
160.7669 52.5134
160.7442 53.0355
160.7131 52.5294
160.4283 52.5445
160.4700 52.4684
160.7831 53.1010
160.6702 52.2398
160.7820 52.7441
160.8208 52.4513
160.7598 52.6455
160.8858 52.5131
160.7184 52.5774
160.7051 52.5503
160.4012 51.7688
160.8517 52.9016
160.6467 52.3429
160.3140 51.8807
160.8644 52.5653
160.9115 52.2749
160.6290 52.5123
160.7176 52.5883
161.0234 52.7224
160.7261 52.7641
160.6849 52.7596
160.8354 52.7315
160.7698 52.4435
160.7470 52.3426
160.7473 52.7207
160.6831 52.5170
160.6429 52.5869
160.7671 52.5398
160.6703 52.5535
160.3565 51.6968
160.6250 52.6315
160.4546 51.9237
160.4013 52.0868
160.6041 52.9190
160.2870 51.4861
160.5765 52.5336
160.8851 52.2803
160.9110 52.7616
160.5991 52.5047
160.7272 52.5234
160.7348 52.4290
160.5002 52.2902
161.0609 52.5980
160.6453 52.4133
160.7864 52.5395
160.7858 52.8417
160.3595 52.0683
161.1913 52.7737
160.3369 51.7751
160.9712 53.1151
160.8208 52.2239
160.8157 52.4250
160.2365 52.7393
160.4602 51.8197
160.4140 52.8738
160.7070 53.0726
160.8318 52.3921
160.4617 52.4463
160.3121 52.3014
160.8309 52.4839
160.7951 52.3314
160.2523 52.4339
161.3822 52.8952
160.4644 52.2207
160.3689 52.1396
160.6461 52.2517
160.2641 52.1008
160.5948 52.7939
160.5122 52.8199
160.8110 52.3702
160.9712 52.5778
160.6495 52.4567
160.7648 52.2589
160.8760 52.8633
160.2810 52.1440
160.3107 51.6158
160.5494 52.3190
160.4026 52.2469
160.5160 52.7504
160.4984 52.4410
160.4218 52.2595
161.0528 53.0129
160.7792 52.1887
160.6027 52.5285
160.3842 52.1117
160.7749 52.9218
160.2884 52.5726
160.4730 52.2697
161.0665 53.1383
160.7935 52.6585
160.6397 52.0936
160.8817 52.4484
160.4617 52.6072
160.7053 51.8739
160.2175 51.6429
160.6815 51.9658
160.7128 52.4441
160.3216 52.1222
160.4298 52.2300
160.6612 52.6806
160.3646 52.1414
160.7387 52.1912
160.5836 53.0053
160.3168 52.2504
160.5772 52.2990
160.5912 52.5046
160.4176 52.2399
160.3219 52.0220
160.7440 52.1522
160.0833 52.3064
160.5178 52.2324
160.4215 52.0310
159.5656 52.2369
160.4155 52.1426
160.4573 52.1837
160.4582 51.9328
161.1829 52.9244
160.4393 52.2503
160.9642 52.7541
160.9724 52.7901
160.9052 52.6161
160.9316 52.3541
160.2915 52.6742
160.5207 53.1419
160.5623 52.2858
160.8117 52.5145
160.9397 52.7396
160.5713 53.3328
160.2650 52.6854
160.2400 52.1463
161.0883 53.0630
160.6428 52.4628
160.7279 52.3973
160.5211 52.1579
160.8731 52.4437
160.3916 52.2389
161.2010 53.0413
160.6207 52.7834
161.0612 53.1120
160.7391 52.7063
161.2353 53.3666
160.8127 52.3892
160.6926 53.1390
160.8165 52.2281
160.8379 52.5327
160.6553 52.9126
160.8560 52.6333
161.0640 52.8006
160.4499 51.6259
160.3364 52.9096
160.5301 52.2721
160.9282 53.2618
161.0303 52.9902
160.1014 52.3820
160.4363 52.6734
160.0946 51.5426
161.1316 53.0150
160.4320 52.2293
161.0300 52.8666
160.9213 52.5842
159.9212 51.6042
160.3704 52.8644
160.4057 52.0262
161.1007 52.9217
160.8295 52.6161
160.8552 52.6784
160.8382 52.9044
160.9548 52.9211
160.7800 52.5892
160.8802 52.5886
160.6917 53.1494
160.4989 52.4720
160.4111 52.1947
160.3981 52.2573
160.7587 52.9609
161.0394 52.7354
160.8399 52.9004
161.0608 52.9636
161.0182 52.1241
161.1152 52.6046
160.8617 52.7938
161.1770 52.9365
160.5712 52.3476
160.7523 52.3119
160.8990 52.8743
160.6169 52.3284
161.0077 52.9424
160.5055 52.8429
160.6993 52.7654
160.9023 52.5535
160.7260 52.4526
160.6553 52.7985
160.7209 52.9406
161.2903 52.3675
160.5695 52.4136
160.5716 52.2893
161.1012 52.9581
161.0003 52.5972
160.6074 52.2923
160.6623 52.7306
160.4900 52.4040
160.7292 52.8886
160.5691 52.6110
161.2096 52.7837
160.4911 52.3215
160.6984 52.7610
160.2515 52.7211
160.9169 52.5494
160.8769 52.4780
160.8404 52.8741
160.9314 52.5771
160.7597 52.5616
160.7646 52.5213
160.8433 52.4967
160.7926 52.2116
160.5147 52.5839
160.8061 52.8794
160.7640 52.5708
160.5389 52.2414
160.6280 52.8426
160.8139 52.7411
160.7325 52.6878
160.4481 52.5234
160.5156 52.6761
160.9343 52.8858
160.6448 52.5492
160.7912 52.6898
160.6301 52.7353
161.0945 52.5367
160.7153 52.9258
160.3292 52.5692
160.7130 52.4642
160.6814 52.8983
160.8313 53.0853
160.8248 52.6050
160.7502 52.5440
160.5994 52.8071
160.9134 52.7118
160.4277 52.7943
161.1643 52.9843
160.6456 52.4997
160.7951 52.6596
160.5521 52.2757
160.5290 52.7905
160.6799 52.3884
160.9446 52.6537
160.1896 52.8793
160.5360 52.6679
160.8139 52.8085
160.8106 52.8893
160.4631 52.8163
160.3235 52.8784
160.2664 53.0676
160.8915 52.5646
160.6660 52.9141
160.6257 52.6530
160.6176 52.9507
160.4570 52.8470
160.6494 52.4983
160.9359 52.7755
160.8156 52.4946
160.8098 52.4811
160.4741 52.7109
160.6074 52.2901
160.7567 52.8555
160.4890 52.7644
160.5656 53.0455
160.7976 52.7186
160.5992 52.8952
160.7089 52.8182
160.9525 52.7614
160.6724 52.8687
160.7097 52.8481
160.5348 52.9883
160.7910 52.6215
160.7409 52.6396
160.7137 52.8692
160.7762 52.8795
160.9410 52.6012
160.2283 52.8618
161.1206 52.5319
161.2622 51.4212
160.6563 52.0033
160.9240 52.7787
160.6953 52.6742
159.8435 52.5830
160.8778 52.8614
160.7626 52.4512
161.0131 52.9122
160.6671 52.6312
160.7222 52.9454
161.0414 52.6221
160.6954 52.6408
161.0597 52.9657
160.7461 52.8915
160.8263 52.4701
160.7586 52.8847
160.9824 52.7333
161.0175 52.8415
160.8332 52.6981
160.4527 52.6878
160.7552 52.8221
160.5232 52.7286
160.7971 52.8032
160.7938 52.8616
160.8120 52.5592
160.7552 52.6641
160.6816 52.8301
160.5959 52.7983
160.7139 52.8563
160.6658 53.0009
160.9248 52.8460
160.6233 52.9286
160.7435 52.9166
154.4595 48.1271
164.9884 55.6669
164.1685 56.4563
160.2709 53.1790
160.3148 53.0892
167.4906 54.3731
150.8793 45.4677
150.2330 45.0982
160.9100 52.7629
160.7506 52.5176
151.8721 45.8010
160.9169 51.3112
153.4260 46.1842
161.4173 54.4532
159.2155 49.8847
153.3985 45.4527
151.6411 46.0482
152.7644 46.3138
154.2723 47.9122
160.4507 52.6958
160.5472 52.1473
160.6757 52.2021
158.0587 49.1253
153.8553 47.1469
157.6197 48.6280
164.4654 55.3765
164.3227 55.5284
153.3113 47.7392
160.7653 52.1288
155.5554 49.1846
156.4028 47.8819
156.4260 47.7461
155.2736 48.2067
160.8964 52.7695
160.1395 52.9511
160.7356 51.9241
169.9051 52.4156
159.5504 52.1692
164.4883 55.5816
164.5402 55.4821
170.5711 52.5740
154.2085 46.0735
153.4371 47.5587
166.1710 55.7142
153.0671 45.2882
151.1492 45.4792
160.7535 52.6916
154.0645 46.1322
162.5891 56.4193
154.2764 45.8851
153.1722 46.6610
153.4389 46.5329
161.6768 53.7124
170.8616 51.8026
160.6323 52.0720
151.2967 45.3248
151.0184 45.2768
151.0963 45.1649
158.2921 50.5552
152.7494 46.8513
151.4958 45.7192
151.7367 45.6960
165.6970 55.8106
160.7185 52.3358
163.0478 54.3968
166.1001 55.5039
157.6276 49.9101
161.7386 54.8464
160.2654 52.8640
159.7429 51.2777
168.7071 53.8665
170.8126 52.5641
154.3194 46.0564
162.6406 55.3950
160.6579 52.8434
153.3016 46.4814
164.5671 56.7109
162.3929 56.5416
155.9414 46.8176
165.5618 55.8361
153.9020 46.4942
165.2866 55.6256
160.6631 52.8021
160.6182 52.5977
160.6101 52.8872
154.3512 47.7657
168.8755 54.4954
163.3783 54.1176
155.6369 49.3940
172.5319 52.6005
161.5926 54.7126
160.1777 52.9277
157.5780 49.2485
161.2256 52.6265
163.0711 55.3848
163.1218 55.3379
163.0251 55.3135
163.0803 55.2657
155.6878 47.1530
163.0499 55.1184
160.5625 52.9624
160.5177 52.7741
160.2562 52.7959
160.2468 53.0161
162.7840 54.9844
155.0500 47.9889
163.7706 55.4405
160.5295 51.7563
160.4681 52.7673
150.0219 46.3969
150.0287 46.4244
149.9791 46.4111
152.4922 46.2028
160.4856 51.8344
154.2008 47.6056
160.3657 55.3599
164.1586 54.6558
149.8893 44.9060
154.8416 48.3230
160.2920 52.8816
160.2533 53.0462
160.5807 53.1284
160.3787 53.0016
164.4094 55.6880
160.8800 52.8552
160.8643 52.2497
160.8294 52.7736
160.8943 52.8334
160.7857 52.9488
160.9622 52.9204
160.8245 52.8070
161.0993 52.4865
161.0424 52.7945
160.1271 52.8825
160.8938 52.8146
161.7883 54.2776
161.1120 52.8355
160.9233 52.7361
161.0924 52.7603
160.6342 52.6288
160.8905 52.4702
161.0878 52.7676
160.8003 52.7914
160.4892 52.7874
160.8965 52.7213
160.3747 52.6734
160.5963 52.5146
160.6975 52.7581
160.1418 53.0925
160.0718 52.8549
160.1796 52.8622
160.0319 53.1040
160.1627 52.8657
160.1331 52.9308
153.6493 47.8591
154.7394 48.3062
167.9256 54.7268
155.0802 48.0248
