-68.6186 -22.0677 130.4390 4.3000 2024-07-24T23:12:44
-67.8940 -23.2687 142.8790 4.1000 2024-07-24T00:26:12
-67.8065 -23.3321 141.3450 4.2000 2024-07-21T23:26:56
-67.8016 -23.2194 133.3170 4.6000 2024-07-20T07:02:35
-67.7911 -23.2484 134.2180 4.3000 2024-07-19T11:44:38
-67.8929 -23.2970 143.9500 4.4000 2024-07-19T05:47:42
-67.8034 -23.4032 144.8110 4.1000 2024-07-19T03:55:58
-67.8650 -23.3538 141.9860 4.7000 2024-07-19T03:11:25
-67.8086 -23.2754 147.6740 4.6000 2024-07-19T02:17:39
-67.9065 -23.1775 131.1990 5.0000 2024-07-19T02:15:52
