-21.00 -21.00 0.00
-17.00 -21.00 0.00
-13.00 -21.00 0.00
-9.00 -21.00 0.00
-5.00 -21.00 0.00
-1.00 -21.00 0.00
3.00 -21.00 0.00
7.00 -21.00 0.00
11.00 -21.00 0.00
15.00 -21.00 0.00
19.00 -21.00 0.00
23.00 -21.00 0.00
27.00 -21.00 0.00
31.00 -21.00 0.00
35.00 -21.00 0.00
39.00 -21.00 0.00
43.00 -21.00 0.00
47.00 -21.00 0.00
51.00 -21.00 0.00
55.00 -21.00 0.00
59.00 -21.00 0.00
63.00 -21.00 0.00
67.00 -21.00 0.00
71.00 -21.00 0.00
75.00 -21.00 0.00
79.00 -21.00 0.00
83.00 -21.00 0.00
87.00 -21.00 0.00
91.00 -21.00 0.00
95.00 -21.00 0.00
99.00 -21.00 0.00
103.00 -21.00 0.00
107.00 -21.00 0.00
111.00 -21.00 0.00
115.00 -21.00 0.00
119.00 -21.00 0.00
123.00 -21.00 0.00
127.00 -21.00 0.00
131.00 -21.00 0.00
135.00 -21.00 0.00
139.00 -21.00 0.00
143.00 -21.00 0.00
147.00 -21.00 0.00
151.00 -21.00 0.00
155.00 -21.00 0.00
159.00 -21.00 0.00
163.00 -21.00 0.00
167.00 -21.00 0.00
171.00 -21.00 0.00
175.00 -21.00 0.00
179.00 -21.00 0.00
183.00 -21.00 0.00
187.00 -21.00 0.00
191.00 -21.00 0.00
195.00 -21.00 0.00
199.00 -21.00 0.00
203.00 -21.00 0.00
207.00 -21.00 0.00
211.00 -21.00 0.00
-21.00 -17.00 0.00
-17.00 -17.00 0.00
-13.00 -17.00 0.00
-9.00 -17.00 0.00
-5.00 -17.00 0.00
-1.00 -17.00 0.00
3.00 -17.00 0.00
7.00 -17.00 0.00
11.00 -17.00 0.00
15.00 -17.00 0.00
19.00 -17.00 0.00
23.00 -17.00 0.00
27.00 -17.00 0.00
31.00 -17.00 0.00
35.00 -17.00 0.00
39.00 -17.00 0.00
43.00 -17.00 0.00
47.00 -17.00 0.00
51.00 -17.00 0.00
55.00 -17.00 0.00
59.00 -17.00 0.00
63.00 -17.00 0.00
67.00 -17.00 0.00
71.00 -17.00 0.00
75.00 -17.00 0.00
79.00 -17.00 0.00
83.00 -17.00 0.00
87.00 -17.00 0.00
91.00 -17.00 0.00
95.00 -17.00 0.00
99.00 -17.00 0.00
103.00 -17.00 0.00
107.00 -17.00 0.00
111.00 -17.00 0.00
115.00 -17.00 0.00
119.00 -17.00 0.00
123.00 -17.00 0.00
127.00 -17.00 0.00
131.00 -17.00 0.00
135.00 -17.00 0.00
139.00 -17.00 0.00
143.00 -17.00 0.00
147.00 -17.00 0.00
151.00 -17.00 0.00
155.00 -17.00 0.00
159.00 -17.00 0.00
163.00 -17.00 0.00
167.00 -17.00 0.00
171.00 -17.00 0.00
175.00 -17.00 0.00
179.00 -17.00 0.00
183.00 -17.00 0.00
187.00 -17.00 0.00
191.00 -17.00 0.00
195.00 -17.00 0.00
199.00 -17.00 0.00
203.00 -17.00 0.00
207.00 -17.00 0.00
211.00 -17.00 0.00
-21.00 -13.00 0.00
-17.00 -13.00 0.00
-13.00 -13.00 0.00
-9.00 -13.00 0.00
-5.00 -13.00 0.24
-1.00 -13.00 0.36
3.00 -13.00 0.43
7.00 -13.00 0.42
11.00 -13.00 0.32
15.00 -13.00 0.20
19.00 -13.00 0.00
23.00 -13.00 0.00
27.00 -13.00 0.00
31.00 -13.00 0.00
35.00 -13.00 0.00
39.00 -13.00 0.00
43.00 -13.00 0.00
47.00 -13.00 0.00
51.00 -13.00 0.00
55.00 -13.00 0.00
59.00 -13.00 0.00
63.00 -13.00 0.00
67.00 -13.00 0.00
71.00 -13.00 0.00
75.00 -13.00 0.00
79.00 -13.00 0.00
83.00 -13.00 0.00
87.00 -13.00 0.00
91.00 -13.00 0.00
95.00 -13.00 0.00
99.00 -13.00 0.00
103.00 -13.00 0.00
107.00 -13.00 0.00
111.00 -13.00 0.00
115.00 -13.00 0.00
119.00 -13.00 0.00
123.00 -13.00 0.00
127.00 -13.00 0.00
131.00 -13.00 0.00
135.00 -13.00 0.00
139.00 -13.00 0.00
143.00 -13.00 0.00
147.00 -13.00 0.00
151.00 -13.00 0.00
155.00 -13.00 0.00
159.00 -13.00 0.00
163.00 -13.00 0.00
167.00 -13.00 0.00
171.00 -13.00 0.00
175.00 -13.00 0.00
179.00 -13.00 0.00
183.00 -13.00 0.00
187.00 -13.00 0.00
191.00 -13.00 0.00
195.00 -13.00 0.00
199.00 -13.00 0.00
203.00 -13.00 0.00
207.00 -13.00 0.00
211.00 -13.00 0.00
-21.00 -9.00 0.00
-17.00 -9.00 0.00
-13.00 -9.00 0.00
-9.00 -9.00 0.34
-5.00 -9.00 0.62
-1.00 -9.00 0.91
3.00 -9.00 1.00
7.00 -9.00 1.00
11.00 -9.00 0.79
15.00 -9.00 0.50
19.00 -9.00 0.27
23.00 -9.00 0.15
27.00 -9.00 0.12
31.00 -9.00 0.12
35.00 -9.00 0.12
39.00 -9.00 0.12
43.00 -9.00 0.12
47.00 -9.00 0.00
51.00 -9.00 0.00
55.00 -9.00 0.00
59.00 -9.00 0.00
63.00 -9.00 0.00
67.00 -9.00 0.00
71.00 -9.00 0.00
75.00 -9.00 0.00
79.00 -9.00 0.00
83.00 -9.00 0.00
87.00 -9.00 0.00
91.00 -9.00 0.00
95.00 -9.00 0.00
99.00 -9.00 0.00
103.00 -9.00 0.00
107.00 -9.00 0.00
111.00 -9.00 0.00
115.00 -9.00 0.00
119.00 -9.00 0.00
123.00 -9.00 0.00
127.00 -9.00 0.00
131.00 -9.00 0.00
135.00 -9.00 0.00
139.00 -9.00 0.00
143.00 -9.00 0.00
147.00 -9.00 0.00
151.00 -9.00 0.00
155.00 -9.00 0.00
159.00 -9.00 0.00
163.00 -9.00 0.00
167.00 -9.00 0.00
171.00 -9.00 0.00
175.00 -9.00 0.00
179.00 -9.00 0.00
183.00 -9.00 0.00
187.00 -9.00 0.00
191.00 -9.00 0.00
195.00 -9.00 0.00
199.00 -9.00 0.00
203.00 -9.00 0.00
207.00 -9.00 0.00
211.00 -9.00 0.00
-21.00 -5.00 0.00
-17.00 -5.00 0.00
-13.00 -5.00 0.32
-9.00 -5.00 0.70
-5.00 -5.00 1.00
-1.00 -5.00 1.00
3.00 -5.00 1.00
7.00 -5.00 1.00
11.00 -5.00 1.00
15.00 -5.00 0.98
19.00 -5.00 0.57
23.00 -5.00 0.35
27.00 -5.00 0.26
31.00 -5.00 0.21
35.00 -5.00 0.21
39.00 -5.00 0.21
43.00 -5.00 0.19
47.00 -5.00 0.16
51.00 -5.00 0.12
55.00 -5.00 0.12
59.00 -5.00 0.12
63.00 -5.00 0.00
67.00 -5.00 0.00
71.00 -5.00 0.00
75.00 -5.00 0.00
79.00 -5.00 0.00
83.00 -5.00 0.00
87.00 -5.00 0.00
91.00 -5.00 0.00
95.00 -5.00 0.00
99.00 -5.00 0.00
103.00 -5.00 0.00
107.00 -5.00 0.00
111.00 -5.00 0.00
115.00 -5.00 0.00
119.00 -5.00 0.00
123.00 -5.00 0.00
127.00 -5.00 0.00
131.00 -5.00 0.00
135.00 -5.00 0.00
139.00 -5.00 0.00
143.00 -5.00 0.00
147.00 -5.00 0.00
151.00 -5.00 0.00
155.00 -5.00 0.00
159.00 -5.00 0.00
163.00 -5.00 0.00
167.00 -5.00 0.00
171.00 -5.00 0.00
175.00 -5.00 0.00
179.00 -5.00 0.00
183.00 -5.00 0.00
187.00 -5.00 0.00
191.00 -5.00 0.00
195.00 -5.00 0.00
199.00 -5.00 0.00
203.00 -5.00 0.00
207.00 -5.00 0.00
211.00 -5.00 0.00
-21.00 -1.00 0.00
-17.00 -1.00 0.00
-13.00 -1.00 0.52
-9.00 -1.00 1.00
-5.00 -1.00 1.00
-1.00 -1.00 1.00
3.00 -1.00 1.00
7.00 -1.00 1.00
11.00 -1.00 1.00
15.00 -1.00 1.00
19.00 -1.00 0.99
23.00 -1.00 0.71
27.00 -1.00 0.57
31.00 -1.00 0.45
35.00 -1.00 0.30
39.00 -1.00 0.30
43.00 -1.00 0.29
47.00 -1.00 0.24
51.00 -1.00 0.21
55.00 -1.00 0.21
59.00 -1.00 0.19
63.00 -1.00 0.16
67.00 -1.00 0.12
71.00 -1.00 0.12
75.00 -1.00 0.12
79.00 -1.00 0.12
83.00 -1.00 0.00
87.00 -1.00 0.00
91.00 -1.00 0.00
95.00 -1.00 0.00
99.00 -1.00 0.00
103.00 -1.00 0.00
107.00 -1.00 0.00
111.00 -1.00 0.00
115.00 -1.00 0.20
119.00 -1.00 0.00
123.00 -1.00 0.00
127.00 -1.00 0.00
131.00 -1.00 0.00
135.00 -1.00 0.00
139.00 -1.00 0.00
143.00 -1.00 0.00
147.00 -1.00 0.00
151.00 -1.00 0.00
155.00 -1.00 0.00
159.00 -1.00 0.21
163.00 -1.00 0.00
167.00 -1.00 0.00
171.00 -1.00 0.00
175.00 -1.00 0.00
179.00 -1.00 0.00
183.00 -1.00 0.00
187.00 -1.00 0.00
191.00 -1.00 0.00
195.00 -1.00 0.00
199.00 -1.00 0.00
203.00 -1.00 0.00
207.00 -1.00 0.00
211.00 -1.00 0.00
-21.00 3.00 0.00
-17.00 3.00 0.26
-13.00 3.00 0.69
-9.00 3.00 1.00
-5.00 3.00 1.00
-1.00 3.00 1.00
3.00 3.00 1.00
7.00 3.00 1.00
11.00 3.00 1.00
15.00 3.00 1.00
19.00 3.00 1.00
23.00 3.00 1.00
27.00 3.00 1.00
31.00 3.00 0.84
35.00 3.00 0.56
39.00 3.00 0.40
43.00 3.00 0.38
47.00 3.00 0.32
51.00 3.00 0.30
55.00 3.00 0.30
59.00 3.00 0.29
63.00 3.00 0.24
67.00 3.00 0.21
71.00 3.00 0.21
75.00 3.00 0.21
79.00 3.00 0.19
83.00 3.00 0.16
87.00 3.00 0.12
91.00 3.00 0.12
95.00 3.00 0.12
99.00 3.00 0.00
103.00 3.00 0.21
107.00 3.00 0.33
111.00 3.00 0.44
115.00 3.00 0.49
119.00 3.00 0.43
123.00 3.00 0.30
127.00 3.00 0.00
131.00 3.00 0.00
135.00 3.00 0.00
139.00 3.00 0.20
143.00 3.00 0.27
147.00 3.00 0.33
151.00 3.00 0.41
155.00 3.00 0.49
159.00 3.00 0.51
163.00 3.00 0.43
167.00 3.00 0.29
171.00 3.00 0.00
175.00 3.00 0.00
179.00 3.00 0.00
183.00 3.00 0.00
187.00 3.00 0.00
191.00 3.00 0.00
195.00 3.00 0.00
199.00 3.00 0.00
203.00 3.00 0.00
207.00 3.00 0.00
211.00 3.00 0.00
-21.00 7.00 0.00
-17.00 7.00 0.28
-13.00 7.00 0.71
-9.00 7.00 1.00
-5.00 7.00 1.00
-1.00 7.00 1.00
3.00 7.00 1.00
7.00 7.00 1.00
11.00 7.00 1.00
15.00 7.00 1.00
19.00 7.00 1.00
23.00 7.00 1.00
27.00 7.00 1.00
31.00 7.00 1.00
35.00 7.00 0.81
39.00 7.00 0.47
43.00 7.00 0.45
47.00 7.00 0.40
51.00 7.00 0.40
55.00 7.00 0.40
59.00 7.00 0.38
63.00 7.00 0.32
67.00 7.00 0.30
71.00 7.00 0.30
75.00 7.00 0.30
79.00 7.00 0.29
83.00 7.00 0.24
87.00 7.00 0.21
91.00 7.00 0.21
95.00 7.00 0.22
99.00 7.00 0.32
103.00 7.00 0.47
107.00 7.00 0.66
111.00 7.00 0.85
115.00 7.00 0.92
119.00 7.00 0.80
123.00 7.00 0.57
127.00 7.00 0.36
131.00 7.00 0.28
135.00 7.00 0.34
139.00 7.00 0.47
143.00 7.00 0.60
147.00 7.00 0.71
151.00 7.00 0.83
155.00 7.00 0.94
159.00 7.00 0.96
163.00 7.00 0.81
167.00 7.00 0.55
171.00 7.00 0.30
175.00 7.00 0.00
179.00 7.00 0.00
183.00 7.00 0.00
187.00 7.00 0.00
191.00 7.00 0.00
195.00 7.00 0.00
199.00 7.00 0.00
203.00 7.00 0.00
207.00 7.00 0.00
211.00 7.00 0.00
-21.00 11.00 0.00
-17.00 11.00 0.23
-13.00 11.00 0.59
-9.00 11.00 1.00
-5.00 11.00 1.00
-1.00 11.00 1.00
3.00 11.00 1.00
7.00 11.00 1.00
11.00 11.00 1.00
15.00 11.00 1.00
19.00 11.00 1.00
23.00 11.00 1.00
27.00 11.00 1.00
31.00 11.00 1.00
35.00 11.00 0.94
39.00 11.00 0.50
43.00 11.00 0.47
47.00 11.00 0.47
51.00 11.00 0.47
55.00 11.00 0.47
59.00 11.00 0.45
63.00 11.00 0.40
67.00 11.00 0.40
71.00 11.00 0.40
75.00 11.00 0.40
79.00 11.00 0.38
83.00 11.00 0.32
87.00 11.00 0.30
91.00 11.00 0.31
95.00 11.00 0.48
99.00 11.00 0.66
103.00 11.00 0.85
107.00 11.00 1.00
111.00 11.00 1.00
115.00 11.00 1.00
119.00 11.00 1.00
123.00 11.00 0.83
127.00 11.00 0.55
131.00 11.00 0.47
135.00 11.00 0.61
139.00 11.00 0.86
143.00 11.00 1.00
147.00 11.00 1.00
151.00 11.00 1.00
155.00 11.00 1.00
159.00 11.00 1.00
163.00 11.00 1.00
167.00 11.00 0.81
171.00 11.00 0.45
175.00 11.00 0.25
179.00 11.00 0.00
183.00 11.00 0.21
187.00 11.00 0.22
191.00 11.00 0.00
195.00 11.00 0.00
199.00 11.00 0.00
203.00 11.00 0.00
207.00 11.00 0.00
211.00 11.00 0.00
-21.00 15.00 0.00
-17.00 15.00 0.00
-13.00 15.00 0.38
-9.00 15.00 0.78
-5.00 15.00 1.00
-1.00 15.00 1.00
3.00 15.00 1.00
7.00 15.00 1.00
11.00 15.00 1.00
15.00 15.00 1.00
19.00 15.00 1.00
23.00 15.00 1.00
27.00 15.00 1.00
31.00 15.00 1.00
35.00 15.00 0.85
39.00 15.00 0.50
43.00 15.00 0.50
47.00 15.00 0.50
51.00 15.00 0.50
55.00 15.00 0.50
59.00 15.00 0.47
63.00 15.00 0.47
67.00 15.00 0.47
71.00 15.00 0.47
75.00 15.00 0.47
79.00 15.00 0.45
83.00 15.00 0.40
87.00 15.00 0.40
91.00 15.00 0.57
95.00 15.00 0.87
99.00 15.00 1.00
103.00 15.00 1.00
107.00 15.00 1.00
111.00 15.00 1.00
115.00 15.00 1.00
119.00 15.00 1.00
123.00 15.00 0.96
127.00 15.00 0.66
131.00 15.00 0.63
135.00 15.00 0.87
139.00 15.00 1.00
143.00 15.00 1.00
147.00 15.00 1.00
151.00 15.00 1.00
155.00 15.00 1.00
159.00 15.00 1.00
163.00 15.00 1.00
167.00 15.00 0.93
171.00 15.00 0.56
175.00 15.00 0.38
179.00 15.00 0.39
183.00 15.00 0.50
187.00 15.00 0.55
191.00 15.00 0.48
195.00 15.00 0.33
199.00 15.00 0.00
203.00 15.00 0.00
207.00 15.00 0.00
211.00 15.00 0.00
-21.00 19.00 0.00
-17.00 19.00 0.00
-13.00 19.00 0.00
-9.00 19.00 0.40
-5.00 19.00 0.67
-1.00 19.00 0.98
3.00 19.00 1.00
7.00 19.00 1.00
11.00 19.00 1.00
15.00 19.00 1.00
19.00 19.00 1.00
23.00 19.00 1.00
27.00 19.00 1.00
31.00 19.00 0.99
35.00 19.00 0.61
39.00 19.00 0.47
43.00 19.00 0.47
47.00 19.00 0.47
51.00 19.00 0.47
55.00 19.00 0.47
59.00 19.00 0.50
63.00 19.00 0.50
67.00 19.00 0.50
71.00 19.00 0.50
75.00 19.00 0.50
79.00 19.00 0.47
83.00 19.00 0.47
87.00 19.00 0.47
91.00 19.00 0.84
95.00 19.00 1.00
99.00 19.00 1.00
103.00 19.00 1.00
107.00 19.00 1.00
111.00 19.00 1.00
115.00 19.00 1.00
119.00 19.00 1.00
123.00 19.00 0.87
127.00 19.00 0.63
131.00 19.00 0.66
135.00 19.00 0.97
139.00 19.00 1.00
143.00 19.00 1.00
147.00 19.00 1.00
151.00 19.00 1.00
155.00 19.00 1.00
159.00 19.00 1.00
163.00 19.00 1.00
167.00 19.00 0.86
171.00 19.00 0.58
175.00 19.00 0.53
179.00 19.00 0.72
183.00 19.00 0.98
187.00 19.00 1.00
191.00 19.00 0.97
195.00 19.00 0.66
199.00 19.00 0.36
203.00 19.00 0.00
207.00 19.00 0.00
211.00 19.00 0.00
-21.00 23.00 0.00
-17.00 23.00 0.00
-13.00 23.00 0.00
-9.00 23.00 0.00
-5.00 23.00 0.29
-1.00 23.00 0.47
3.00 23.00 0.73
7.00 23.00 1.00
11.00 23.00 1.00
15.00 23.00 1.00
19.00 23.00 1.00
23.00 23.00 1.00
27.00 23.00 0.91
31.00 23.00 0.60
35.00 23.00 0.38
39.00 23.00 0.40
43.00 23.00 0.40
47.00 23.00 0.40
51.00 23.00 0.40
55.00 23.00 0.45
59.00 23.00 0.47
63.00 23.00 0.47
67.00 23.00 0.47
71.00 23.00 0.47
75.00 23.00 0.47
79.00 23.00 0.50
83.00 23.00 0.50
87.00 23.00 0.55
91.00 23.00 1.00
95.00 23.00 1.00
99.00 23.00 1.00
103.00 23.00 1.00
107.00 23.00 1.00
111.00 23.00 1.00
115.00 23.00 1.00
119.00 23.00 0.88
123.00 23.00 0.62
127.00 23.00 0.47
131.00 23.00 0.55
135.00 23.00 0.84
139.00 23.00 1.00
143.00 23.00 1.00
147.00 23.00 1.00
151.00 23.00 1.00
155.00 23.00 1.00
159.00 23.00 1.00
163.00 23.00 0.88
167.00 23.00 0.65
171.00 23.00 0.54
175.00 23.00 0.70
179.00 23.00 1.00
183.00 23.00 1.00
187.00 23.00 1.00
191.00 23.00 1.00
195.00 23.00 1.00
199.00 23.00 0.58
203.00 23.00 0.24
207.00 23.00 0.00
211.00 23.00 0.00
-21.00 27.00 0.00
-17.00 27.00 0.00
-13.00 27.00 0.00
-9.00 27.00 0.00
-5.00 27.00 0.00
-1.00 27.00 0.21
3.00 27.00 0.38
7.00 27.00 0.62
11.00 27.00 0.86
15.00 27.00 0.98
19.00 27.00 0.92
23.00 27.00 0.72
27.00 27.00 0.49
31.00 27.00 0.30
35.00 27.00 0.29
39.00 27.00 0.30
43.00 27.00 0.30
47.00 27.00 0.30
51.00 27.00 0.32
55.00 27.00 0.38
59.00 27.00 0.40
63.00 27.00 0.40
67.00 27.00 0.40
71.00 27.00 0.40
75.00 27.00 0.45
79.00 27.00 0.47
83.00 27.00 0.47
87.00 27.00 0.58
91.00 27.00 1.00
95.00 27.00 1.00
99.00 27.00 1.00
103.00 27.00 1.00
107.00 27.00 1.00
111.00 27.00 1.00
115.00 27.00 0.72
119.00 27.00 0.51
123.00 27.00 0.35
127.00 27.00 0.28
131.00 27.00 0.36
135.00 27.00 0.57
139.00 27.00 0.83
143.00 27.00 0.98
147.00 27.00 0.97
151.00 27.00 0.87
155.00 27.00 0.76
159.00 27.00 0.67
163.00 27.00 0.56
167.00 27.00 0.46
171.00 27.00 0.52
175.00 27.00 0.86
179.00 27.00 1.00
183.00 27.00 1.00
187.00 27.00 1.00
191.00 27.00 1.00
195.00 27.00 1.00
199.00 27.00 0.77
203.00 27.00 0.32
207.00 27.00 0.00
211.00 27.00 0.00
-21.00 31.00 0.00
-17.00 31.00 0.00
-13.00 31.00 0.00
-9.00 31.00 0.00
-5.00 31.00 0.00
-1.00 31.00 0.00
3.00 31.00 0.00
7.00 31.00 0.31
11.00 31.00 0.44
15.00 31.00 0.51
19.00 31.00 0.46
23.00 31.00 0.35
27.00 31.00 0.22
31.00 31.00 0.16
35.00 31.00 0.19
39.00 31.00 0.21
43.00 31.00 0.21
47.00 31.00 0.21
51.00 31.00 0.24
55.00 31.00 0.29
59.00 31.00 0.30
63.00 31.00 0.30
67.00 31.00 0.30
71.00 31.00 0.32
75.00 31.00 0.38
79.00 31.00 0.40
83.00 31.00 0.40
87.00 31.00 0.58
91.00 31.00 1.00
95.00 31.00 1.00
99.00 31.00 1.00
103.00 31.00 1.00
107.00 31.00 1.00
111.00 31.00 0.76
115.00 31.00 0.44
119.00 31.00 0.26
123.00 31.00 0.00
127.00 31.00 0.00
131.00 31.00 0.00
135.00 31.00 0.32
139.00 31.00 0.48
143.00 31.00 0.57
147.00 31.00 0.58
151.00 31.00 0.53
155.00 31.00 0.49
159.00 31.00 0.47
163.00 31.00 0.43
167.00 31.00 0.42
171.00 31.00 0.54
175.00 31.00 0.94
179.00 31.00 1.00
183.00 31.00 1.00
187.00 31.00 1.00
191.00 31.00 1.00
195.00 31.00 1.00
199.00 31.00 0.85
203.00 31.00 0.35
207.00 31.00 0.00
211.00 31.00 0.00
-21.00 35.00 0.00
-17.00 35.00 0.00
-13.00 35.00 0.00
-9.00 35.00 0.00
-5.00 35.00 0.00
-1.00 35.00 0.00
3.00 35.00 0.00
7.00 35.00 0.00
11.00 35.00 0.00
15.00 35.00 0.21
19.00 35.00 0.00
23.00 35.00 0.00
27.00 35.00 0.00
31.00 35.00 0.00
35.00 35.00 0.12
39.00 35.00 0.12
43.00 35.00 0.12
47.00 35.00 0.12
51.00 35.00 0.16
55.00 35.00 0.19
59.00 35.00 0.21
63.00 35.00 0.21
67.00 35.00 0.21
71.00 35.00 0.24
75.00 35.00 0.29
79.00 35.00 0.30
83.00 35.00 0.30
87.00 35.00 0.58
91.00 35.00 1.00
95.00 35.00 1.00
99.00 35.00 1.00
103.00 35.00 1.00
107.00 35.00 1.00
111.00 35.00 0.64
115.00 35.00 0.31
119.00 35.00 0.00
123.00 35.00 0.00
127.00 35.00 0.00
131.00 35.00 0.00
135.00 35.00 0.00
139.00 35.00 0.31
143.00 35.00 0.41
147.00 35.00 0.46
151.00 35.00 0.49
155.00 35.00 0.53
159.00 35.00 0.58
163.00 35.00 0.60
167.00 35.00 0.58
171.00 35.00 0.63
175.00 35.00 0.93
179.00 35.00 1.00
183.00 35.00 1.00
187.00 35.00 1.00
191.00 35.00 1.00
195.00 35.00 1.00
199.00 35.00 0.77
203.00 35.00 0.32
207.00 35.00 0.00
211.00 35.00 0.00
-21.00 39.00 0.00
-17.00 39.00 0.00
-13.00 39.00 0.00
-9.00 39.00 0.00
-5.00 39.00 0.00
-1.00 39.00 0.00
3.00 39.00 0.00
7.00 39.00 0.00
11.00 39.00 0.00
15.00 39.00 0.00
19.00 39.00 0.00
23.00 39.00 0.00
27.00 39.00 0.00
31.00 39.00 0.00
35.00 39.00 0.00
39.00 39.00 0.00
43.00 39.00 0.00
47.00 39.00 0.00
51.00 39.00 0.00
55.00 39.00 0.12
59.00 39.00 0.12
63.00 39.00 0.12
67.00 39.00 0.12
71.00 39.00 0.16
75.00 39.00 0.19
79.00 39.00 0.21
83.00 39.00 0.23
87.00 39.00 0.54
91.00 39.00 1.00
95.00 39.00 1.00
99.00 39.00 1.00
103.00 39.00 1.00
107.00 39.00 1.00
111.00 39.00 0.56
115.00 39.00 0.24
119.00 39.00 0.00
123.00 39.00 0.00
127.00 39.00 0.00
131.00 39.00 0.00
135.00 39.00 0.00
139.00 39.00 0.36
143.00 39.00 0.53
147.00 39.00 0.66
151.00 39.00 0.76
155.00 39.00 0.87
159.00 39.00 0.97
163.00 39.00 1.00
167.00 39.00 0.90
171.00 39.00 0.79
175.00 39.00 0.87
179.00 39.00 1.00
183.00 39.00 1.00
187.00 39.00 1.00
191.00 39.00 1.00
195.00 39.00 1.00
199.00 39.00 0.58
203.00 39.00 0.24
207.00 39.00 0.00
211.00 39.00 0.00
-21.00 43.00 0.00
-17.00 43.00 0.00
-13.00 43.00 0.00
-9.00 43.00 0.00
-5.00 43.00 0.00
-1.00 43.00 0.00
3.00 43.00 0.00
7.00 43.00 0.00
11.00 43.00 0.00
15.00 43.00 0.00
19.00 43.00 0.00
23.00 43.00 0.00
27.00 43.00 0.00
31.00 43.00 0.00
35.00 43.00 0.00
39.00 43.00 0.00
43.00 43.00 0.00
47.00 43.00 0.00
51.00 43.00 0.00
55.00 43.00 0.00
59.00 43.00 0.00
63.00 43.00 0.00
67.00 43.00 0.00
71.00 43.00 0.00
75.00 43.00 0.12
79.00 43.00 0.12
83.00 43.00 0.18
87.00 43.00 0.44
91.00 43.00 0.83
95.00 43.00 1.00
99.00 43.00 1.00
103.00 43.00 1.00
107.00 43.00 0.83
111.00 43.00 0.45
115.00 43.00 0.00
119.00 43.00 0.00
123.00 43.00 0.00
127.00 43.00 0.00
131.00 43.00 0.00
135.00 43.00 0.30
139.00 43.00 0.57
143.00 43.00 0.86
147.00 43.00 1.00
151.00 43.00 1.00
155.00 43.00 1.00
159.00 43.00 1.00
163.00 43.00 1.00
167.00 43.00 1.00
171.00 43.00 0.95
175.00 43.00 0.78
179.00 43.00 0.84
183.00 43.00 1.00
187.00 43.00 1.00
191.00 43.00 0.97
195.00 43.00 0.66
199.00 43.00 0.36
203.00 43.00 0.00
207.00 43.00 0.00
211.00 43.00 0.00
-21.00 47.00 0.00
-17.00 47.00 0.00
-13.00 47.00 0.00
-9.00 47.00 0.00
-5.00 47.00 0.00
-1.00 47.00 0.00
3.00 47.00 0.00
7.00 47.00 0.00
11.00 47.00 0.00
15.00 47.00 0.00
19.00 47.00 0.00
23.00 47.00 0.00
27.00 47.00 0.00
31.00 47.00 0.00
35.00 47.00 0.00
39.00 47.00 0.00
43.00 47.00 0.00
47.00 47.00 0.00
51.00 47.00 0.00
55.00 47.00 0.00
59.00 47.00 0.00
63.00 47.00 0.00
67.00 47.00 0.00
71.00 47.00 0.00
75.00 47.00 0.00
79.00 47.00 0.00
83.00 47.00 0.00
87.00 47.00 0.30
91.00 47.00 0.55
95.00 47.00 0.80
99.00 47.00 0.91
103.00 47.00 0.80
107.00 47.00 0.55
111.00 47.00 0.30
115.00 47.00 0.00
119.00 47.00 0.00
123.00 47.00 0.00
127.00 47.00 0.00
131.00 47.00 0.00
135.00 47.00 0.43
139.00 47.00 0.81
143.00 47.00 1.00
147.00 47.00 1.00
151.00 47.00 1.00
155.00 47.00 1.00
159.00 47.00 1.00
163.00 47.00 1.00
167.00 47.00 1.00
171.00 47.00 0.98
175.00 47.00 0.66
179.00 47.00 0.53
183.00 47.00 0.54
187.00 47.00 0.56
191.00 47.00 0.48
195.00 47.00 0.33
199.00 47.00 0.00
203.00 47.00 0.00
207.00 47.00 0.00
211.00 47.00 0.00
-21.00 51.00 0.00
-17.00 51.00 0.00
-13.00 51.00 0.00
-9.00 51.00 0.00
-5.00 51.00 0.00
-1.00 51.00 0.00
3.00 51.00 0.00
7.00 51.00 0.00
11.00 51.00 0.00
15.00 51.00 0.00
19.00 51.00 0.00
23.00 51.00 0.00
27.00 51.00 0.00
31.00 51.00 0.00
35.00 51.00 0.00
39.00 51.00 0.00
43.00 51.00 0.00
47.00 51.00 0.00
51.00 51.00 0.00
55.00 51.00 0.00
59.00 51.00 0.00
63.00 51.00 0.00
67.00 51.00 0.00
71.00 51.00 0.00
75.00 51.00 0.00
79.00 51.00 0.00
83.00 51.00 0.00
87.00 51.00 0.00
91.00 51.00 0.29
95.00 51.00 0.43
99.00 51.00 0.48
103.00 51.00 0.43
107.00 51.00 0.29
111.00 51.00 0.00
115.00 51.00 0.00
119.00 51.00 0.00
123.00 51.00 0.00
127.00 51.00 0.00
131.00 51.00 0.20
135.00 51.00 0.48
139.00 51.00 0.91
143.00 51.00 1.00
147.00 51.00 1.00
151.00 51.00 1.00
155.00 51.00 1.00
159.00 51.00 1.00
163.00 51.00 1.00
167.00 51.00 1.00
171.00 51.00 0.84
175.00 51.00 0.50
179.00 51.00 0.31
183.00 51.00 0.25
187.00 51.00 0.23
191.00 51.00 0.00
195.00 51.00 0.00
199.00 51.00 0.00
203.00 51.00 0.00
207.00 51.00 0.00
211.00 51.00 0.00
-21.00 55.00 0.00
-17.00 55.00 0.00
-13.00 55.00 0.00
-9.00 55.00 0.00
-5.00 55.00 0.00
-1.00 55.00 0.00
3.00 55.00 0.00
7.00 55.00 0.00
11.00 55.00 0.00
15.00 55.00 0.00
19.00 55.00 0.00
23.00 55.00 0.00
27.00 55.00 0.00
31.00 55.00 0.00
35.00 55.00 0.00
39.00 55.00 0.00
43.00 55.00 0.00
47.00 55.00 0.00
51.00 55.00 0.00
55.00 55.00 0.00
59.00 55.00 0.00
63.00 55.00 0.00
67.00 55.00 0.00
71.00 55.00 0.00
75.00 55.00 0.00
79.00 55.00 0.00
83.00 55.00 0.00
87.00 55.00 0.00
91.00 55.00 0.00
95.00 55.00 0.00
99.00 55.00 0.20
103.00 55.00 0.00
107.00 55.00 0.00
111.00 55.00 0.00
115.00 55.00 0.00
119.00 55.00 0.00
123.00 55.00 0.00
127.00 55.00 0.00
131.00 55.00 0.00
135.00 55.00 0.42
139.00 55.00 0.80
143.00 55.00 1.00
147.00 55.00 1.00
151.00 55.00 1.00
155.00 55.00 1.00
159.00 55.00 1.00
163.00 55.00 1.00
167.00 55.00 0.85
171.00 55.00 0.57
175.00 55.00 0.32
179.00 55.00 0.00
183.00 55.00 0.00
187.00 55.00 0.00
191.00 55.00 0.00
195.00 55.00 0.00
199.00 55.00 0.00
203.00 55.00 0.00
207.00 55.00 0.00
211.00 55.00 0.00
-21.00 59.00 0.00
-17.00 59.00 0.00
-13.00 59.00 0.00
-9.00 59.00 0.00
-5.00 59.00 0.00
-1.00 59.00 0.00
3.00 59.00 0.00
7.00 59.00 0.00
11.00 59.00 0.00
15.00 59.00 0.00
19.00 59.00 0.00
23.00 59.00 0.00
27.00 59.00 0.00
31.00 59.00 0.00
35.00 59.00 0.00
39.00 59.00 0.00
43.00 59.00 0.00
47.00 59.00 0.00
51.00 59.00 0.00
55.00 59.00 0.00
59.00 59.00 0.00
63.00 59.00 0.00
67.00 59.00 0.00
71.00 59.00 0.00
75.00 59.00 0.00
79.00 59.00 0.00
83.00 59.00 0.00
87.00 59.00 0.00
91.00 59.00 0.00
95.00 59.00 0.00
99.00 59.00 0.00
103.00 59.00 0.00
107.00 59.00 0.00
111.00 59.00 0.00
115.00 59.00 0.00
119.00 59.00 0.00
123.00 59.00 0.00
127.00 59.00 0.00
131.00 59.00 0.00
135.00 59.00 0.29
139.00 59.00 0.55
143.00 59.00 0.81
147.00 59.00 0.96
151.00 59.00 0.94
155.00 59.00 0.83
159.00 59.00 0.71
163.00 59.00 0.60
167.00 59.00 0.46
171.00 59.00 0.30
175.00 59.00 0.00
179.00 59.00 0.00
183.00 59.00 0.00
187.00 59.00 0.00
191.00 59.00 0.00
195.00 59.00 0.00
199.00 59.00 0.00
203.00 59.00 0.00
207.00 59.00 0.00
211.00 59.00 0.00
-21.00 63.00 0.00
-17.00 63.00 0.00
-13.00 63.00 0.00
-9.00 63.00 0.00
-5.00 63.00 0.00
-1.00 63.00 0.00
3.00 63.00 0.00
7.00 63.00 0.00
11.00 63.00 0.00
15.00 63.00 0.00
19.00 63.00 0.00
23.00 63.00 0.00
27.00 63.00 0.00
31.00 63.00 0.00
35.00 63.00 0.00
39.00 63.00 0.00
43.00 63.00 0.00
47.00 63.00 0.00
51.00 63.00 0.00
55.00 63.00 0.00
59.00 63.00 0.00
63.00 63.00 0.00
67.00 63.00 0.00
71.00 63.00 0.00
75.00 63.00 0.00
79.00 63.00 0.00
83.00 63.00 0.00
87.00 63.00 0.00
91.00 63.00 0.00
95.00 63.00 0.00
99.00 63.00 0.00
103.00 63.00 0.00
107.00 63.00 0.00
111.00 63.00 0.00
115.00 63.00 0.00
119.00 63.00 0.00
123.00 63.00 0.00
127.00 63.00 0.00
131.00 63.00 0.00
135.00 63.00 0.00
139.00 63.00 0.29
143.00 63.00 0.43
147.00 63.00 0.51
151.00 63.00 0.49
155.00 63.00 0.41
159.00 63.00 0.33
163.00 63.00 0.26
167.00 63.00 0.00
171.00 63.00 0.00
175.00 63.00 0.00
179.00 63.00 0.00
183.00 63.00 0.00
187.00 63.00 0.00
191.00 63.00 0.00
195.00 63.00 0.00
199.00 63.00 0.00
203.00 63.00 0.00
207.00 63.00 0.00
211.00 63.00 0.00
-21.00 67.00 0.00
-17.00 67.00 0.00
-13.00 67.00 0.00
-9.00 67.00 0.00
-5.00 67.00 0.00
-1.00 67.00 0.00
3.00 67.00 0.00
7.00 67.00 0.00
11.00 67.00 0.00
15.00 67.00 0.00
19.00 67.00 0.00
23.00 67.00 0.00
27.00 67.00 0.00
31.00 67.00 0.00
35.00 67.00 0.00
39.00 67.00 0.00
43.00 67.00 0.00
47.00 67.00 0.00
51.00 67.00 0.00
55.00 67.00 0.00
59.00 67.00 0.00
63.00 67.00 0.00
67.00 67.00 0.00
71.00 67.00 0.00
75.00 67.00 0.00
79.00 67.00 0.00
83.00 67.00 0.00
87.00 67.00 0.00
91.00 67.00 0.00
95.00 67.00 0.00
99.00 67.00 0.00
103.00 67.00 0.00
107.00 67.00 0.00
111.00 67.00 0.00
115.00 67.00 0.00
119.00 67.00 0.00
123.00 67.00 0.00
127.00 67.00 0.00
131.00 67.00 0.00
135.00 67.00 0.00
139.00 67.00 0.00
143.00 67.00 0.00
147.00 67.00 0.21
151.00 67.00 0.20
155.00 67.00 0.00
159.00 67.00 0.00
163.00 67.00 0.00
167.00 67.00 0.00
171.00 67.00 0.00
175.00 67.00 0.00
179.00 67.00 0.00
183.00 67.00 0.00
187.00 67.00 0.00
191.00 67.00 0.00
195.00 67.00 0.00
199.00 67.00 0.00
203.00 67.00 0.00
207.00 67.00 0.00
211.00 67.00 0.00
-21.00 71.00 0.00
-17.00 71.00 0.00
-13.00 71.00 0.00
-9.00 71.00 0.00
-5.00 71.00 0.00
-1.00 71.00 0.00
3.00 71.00 0.00
7.00 71.00 0.00
11.00 71.00 0.00
15.00 71.00 0.00
19.00 71.00 0.00
23.00 71.00 0.00
27.00 71.00 0.00
31.00 71.00 0.00
35.00 71.00 0.00
39.00 71.00 0.00
43.00 71.00 0.00
47.00 71.00 0.00
51.00 71.00 0.00
55.00 71.00 0.00
59.00 71.00 0.00
63.00 71.00 0.00
67.00 71.00 0.00
71.00 71.00 0.00
75.00 71.00 0.00
79.00 71.00 0.00
83.00 71.00 0.00
87.00 71.00 0.00
91.00 71.00 0.00
95.00 71.00 0.00
99.00 71.00 0.00
103.00 71.00 0.00
107.00 71.00 0.00
111.00 71.00 0.00
115.00 71.00 0.00
119.00 71.00 0.00
123.00 71.00 0.00
127.00 71.00 0.00
131.00 71.00 0.00
135.00 71.00 0.00
139.00 71.00 0.00
143.00 71.00 0.00
147.00 71.00 0.00
151.00 71.00 0.00
155.00 71.00 0.00
159.00 71.00 0.00
163.00 71.00 0.00
167.00 71.00 0.00
171.00 71.00 0.00
175.00 71.00 0.00
179.00 71.00 0.00
183.00 71.00 0.00
187.00 71.00 0.00
191.00 71.00 0.00
195.00 71.00 0.00
199.00 71.00 0.00
203.00 71.00 0.00
207.00 71.00 0.00
211.00 71.00 0.00
